0 0 1 3 4 5 6 7 2 0
5 1 1 3 4 0 6 7 2 5
4 1 1 3 0 4 6 7 2 5
3 1 1 0 3 4 6 7 2 5
7 1 1 7 3 4 6 0 2 5
6 1 1 7 3 4 0 6 2 5
5 2 1 7 3 4 5 6 2 0
2 1 1 7 3 4 5 6 0 2
6 1 1 7 3 4 5 0 6 2
7 1 1 0 3 4 5 7 6 2
1 1 0 1 3 4 5 7 6 2
7 3 7 1 3 4 5 0 6 2
6 1 7 1 3 4 5 6 0 2
2 1 7 1 3 4 5 6 2 0
7 3 0 1 3 4 5 6 2 7
1 1 1 0 3 4 5 6 2 7
6 1 1 6 3 4 5 0 2 7
2 1 1 6 3 4 5 2 0 7
7 1 1 6 3 4 5 2 7 0
1 3 0 6 3 4 5 2 7 1
2 3 2 6 3 4 5 0 7 1
6 1 2 0 3 4 5 6 7 1
2 1 0 2 3 4 5 6 7 1
1 3 1 2 3 4 5 6 7 0

34 0.1660289764404297

0 0 1 3 4 5 6 7 2 0
5 1 1 3 4 0 6 7 2 5
4 1 1 3 0 4 6 7 2 5
3 1 1 0 3 4 6 7 2 5
7 1 1 7 3 4 6 0 2 5
6 1 1 7 3 4 0 6 2 5
5 2 1 7 3 4 5 6 2 0
2 1 1 7 3 4 5 6 0 2
6 1 1 7 3 4 5 0 6 2
7 1 1 0 3 4 5 7 6 2
1 1 0 1 3 4 5 7 6 2
7 3 7 1 3 4 5 0 6 2
6 1 7 1 3 4 5 6 0 2
2 1 7 1 3 4 5 6 2 0
7 3 0 1 3 4 5 6 2 7
1 1 1 0 3 4 5 6 2 7
6 1 1 6 3 4 5 0 2 7
2 1 1 6 3 4 5 2 0 7
7 1 1 6 3 4 5 2 7 0
1 3 0 6 3 4 5 2 7 1
2 3 2 6 3 4 5 0 7 1
6 1 2 0 3 4 5 6 7 1
2 1 0 2 3 4 5 6 7 1
1 3 1 2 3 4 5 6 7 0

34 0.15552687644958496

0 0 1 3 4 5 6 7 2 0
5 1 1 3 4 0 6 7 2 5
4 1 1 3 0 4 6 7 2 5
3 1 1 0 3 4 6 7 2 5
7 1 1 7 3 4 6 0 2 5
6 1 1 7 3 4 0 6 2 5
5 2 1 7 3 4 5 6 2 0
2 1 1 7 3 4 5 6 0 2
6 1 1 7 3 4 5 0 6 2
7 1 1 0 3 4 5 7 6 2
1 1 0 1 3 4 5 7 6 2
7 3 7 1 3 4 5 0 6 2
6 1 7 1 3 4 5 6 0 2
2 1 7 1 3 4 5 6 2 0
7 3 0 1 3 4 5 6 2 7
1 1 1 0 3 4 5 6 2 7
6 1 1 6 3 4 5 0 2 7
2 1 1 6 3 4 5 2 0 7
7 1 1 6 3 4 5 2 7 0
1 3 0 6 3 4 5 2 7 1
2 3 2 6 3 4 5 0 7 1
6 1 2 0 3 4 5 6 7 1
2 1 0 2 3 4 5 6 7 1
1 3 1 2 3 4 5 6 7 0

34 0.15402746200561523

