0 0 0 1 3 4 2 6 7 5
1 1 1 0 3 4 2 6 7 5
6 1 1 6 3 4 2 0 7 5
2 1 1 6 3 4 0 2 7 5
5 2 1 6 3 4 5 2 7 0
1 3 0 6 3 4 5 2 7 1
2 3 2 6 3 4 5 0 7 1
6 1 2 0 3 4 5 6 7 1
2 1 0 2 3 4 5 6 7 1
1 3 1 2 3 4 5 6 7 0

16 0.052008628845214844

0 0 0 1 3 4 2 6 7 5
1 1 1 0 3 4 2 6 7 5
6 1 1 6 3 4 2 0 7 5
2 1 1 6 3 4 0 2 7 5
5 2 1 6 3 4 5 2 7 0
1 3 0 6 3 4 5 2 7 1
2 3 2 6 3 4 5 0 7 1
6 1 2 0 3 4 5 6 7 1
2 1 0 2 3 4 5 6 7 1
1 3 1 2 3 4 5 6 7 0

16 0.04600787162780762

0 0 0 1 3 4 2 6 7 5
1 1 1 0 3 4 2 6 7 5
6 1 1 6 3 4 2 0 7 5
2 1 1 6 3 4 0 2 7 5
5 2 1 6 3 4 5 2 7 0
1 3 0 6 3 4 5 2 7 1
2 3 2 6 3 4 5 0 7 1
6 1 2 0 3 4 5 6 7 1
2 1 0 2 3 4 5 6 7 1
1 3 1 2 3 4 5 6 7 0

16 0.046508073806762695

