0 0 0 7 3 5 1 2 6 4
1 1 1 7 3 5 0 2 6 4
5 3 1 7 3 0 5 2 6 4
4 1 1 7 3 4 5 2 6 0
1 3 0 7 3 4 5 2 6 1
7 1 7 0 3 4 5 2 6 1
2 1 7 2 3 4 5 0 6 1
6 1 7 2 3 4 5 6 0 1
1 1 7 2 3 4 5 6 1 0
7 3 0 2 3 4 5 6 1 7
4 2 4 2 3 0 5 6 1 7
1 3 4 2 3 1 5 6 0 7
7 1 4 2 3 1 5 6 7 0
1 1 4 2 3 0 5 6 7 1
4 2 0 2 3 4 5 6 7 1
1 3 1 2 3 4 5 6 7 0

27 0.18053007125854492

0 0 0 7 3 5 1 2 6 4
1 1 1 7 3 5 0 2 6 4
5 3 1 7 3 0 5 2 6 4
4 1 1 7 3 4 5 2 6 0
1 3 0 7 3 4 5 2 6 1
7 1 7 0 3 4 5 2 6 1
2 1 7 2 3 4 5 0 6 1
6 1 7 2 3 4 5 6 0 1
1 1 7 2 3 4 5 6 1 0
7 3 0 2 3 4 5 6 1 7
4 2 4 2 3 0 5 6 1 7
1 3 4 2 3 1 5 6 0 7
7 1 4 2 3 1 5 6 7 0
1 1 4 2 3 0 5 6 7 1
4 2 0 2 3 4 5 6 7 1
1 3 1 2 3 4 5 6 7 0

27 0.19303488731384277

0 0 0 7 3 5 1 2 6 4
1 1 1 7 3 5 0 2 6 4
5 3 1 7 3 0 5 2 6 4
4 1 1 7 3 4 5 2 6 0
1 3 0 7 3 4 5 2 6 1
7 1 7 0 3 4 5 2 6 1
2 1 7 2 3 4 5 0 6 1
6 1 7 2 3 4 5 6 0 1
1 1 7 2 3 4 5 6 1 0
7 3 0 2 3 4 5 6 1 7
4 2 4 2 3 0 5 6 1 7
1 3 4 2 3 1 5 6 0 7
7 1 4 2 3 1 5 6 7 0
1 1 4 2 3 0 5 6 7 1
4 2 0 2 3 4 5 6 7 1
1 3 1 2 3 4 5 6 7 0

27 0.19503402709960938

