0 0 5 3 0 6 4 1 2 7
6 1 5 3 6 0 4 1 2 7
7 1 5 3 6 7 4 1 2 0
5 3 0 3 6 7 4 1 2 5
1 3 1 3 6 7 4 0 2 5
4 1 1 3 6 7 0 4 2 5
5 2 1 3 6 7 5 4 2 0
2 1 1 3 6 7 5 4 0 2
6 1 1 3 0 7 5 4 6 2
7 1 1 3 7 0 5 4 6 2
5 3 1 3 7 5 0 4 6 2
2 2 1 3 7 5 2 4 6 0
6 1 1 3 7 5 2 4 0 6
7 1 1 3 0 5 2 4 7 6
5 1 1 3 5 0 2 4 7 6
7 3 1 3 5 7 2 4 0 6
6 1 1 3 5 7 2 4 6 0

26 0.04050588607788086

0 0 5 3 0 6 4 1 2 7
6 1 5 3 6 0 4 1 2 7
7 1 5 3 6 7 4 1 2 0
5 3 0 3 6 7 4 1 2 5
1 3 1 3 6 7 4 0 2 5
4 1 1 3 6 7 0 4 2 5
5 2 1 3 6 7 5 4 2 0
2 1 1 3 6 7 5 4 0 2
6 1 1 3 0 7 5 4 6 2
7 1 1 3 7 0 5 4 6 2
5 3 1 3 7 5 0 4 6 2
2 2 1 3 7 5 2 4 6 0
6 1 1 3 7 5 2 4 0 6
7 1 1 3 0 5 2 4 7 6
5 1 1 3 5 0 2 4 7 6
7 3 1 3 5 7 2 4 0 6
6 1 1 3 5 7 2 4 6 0

26 0.03900551795959473

0 0 5 3 0 6 4 1 2 7
6 1 5 3 6 0 4 1 2 7
7 1 5 3 6 7 4 1 2 0
5 3 0 3 6 7 4 1 2 5
1 3 1 3 6 7 4 0 2 5
4 1 1 3 6 7 0 4 2 5
5 2 1 3 6 7 5 4 2 0
2 1 1 3 6 7 5 4 0 2
6 1 1 3 0 7 5 4 6 2
7 1 1 3 7 0 5 4 6 2
5 3 1 3 7 5 0 4 6 2
2 2 1 3 7 5 2 4 6 0
6 1 1 3 7 5 2 4 0 6
7 1 1 3 0 5 2 4 7 6
5 1 1 3 5 0 2 4 7 6
7 3 1 3 5 7 2 4 0 6
6 1 1 3 5 7 2 4 6 0

26 0.03900647163391113

