0 0 7 3 6 2 5 1 4 0
2 1 7 3 6 0 5 1 4 2
7 2 0 3 6 7 5 1 4 2
1 3 1 3 6 7 5 0 4 2
4 1 1 3 6 7 5 4 0 2
6 1 1 3 0 7 5 4 6 2
7 1 1 3 7 0 5 4 6 2
5 3 1 3 7 5 0 4 6 2
2 2 1 3 7 5 2 4 6 0
6 1 1 3 7 5 2 4 0 6
7 1 1 3 0 5 2 4 7 6
5 1 1 3 5 0 2 4 7 6
7 3 1 3 5 7 2 4 0 6
6 1 1 3 5 7 2 4 6 0

21 0.03200697898864746

0 0 7 3 6 2 5 1 4 0
2 1 7 3 6 0 5 1 4 2
7 2 0 3 6 7 5 1 4 2
1 3 1 3 6 7 5 0 4 2
4 1 1 3 6 7 5 4 0 2
6 1 1 3 0 7 5 4 6 2
7 1 1 3 7 0 5 4 6 2
5 3 1 3 7 5 0 4 6 2
2 2 1 3 7 5 2 4 6 0
6 1 1 3 7 5 2 4 0 6
7 1 1 3 0 5 2 4 7 6
5 1 1 3 5 0 2 4 7 6
7 3 1 3 5 7 2 4 0 6
6 1 1 3 5 7 2 4 6 0

21 0.03150582313537598

0 0 7 3 6 2 5 1 4 0
2 1 7 3 6 0 5 1 4 2
7 2 0 3 6 7 5 1 4 2
1 3 1 3 6 7 5 0 4 2
4 1 1 3 6 7 5 4 0 2
6 1 1 3 0 7 5 4 6 2
7 1 1 3 7 0 5 4 6 2
5 3 1 3 7 5 0 4 6 2
2 2 1 3 7 5 2 4 6 0
6 1 1 3 7 5 2 4 0 6
7 1 1 3 0 5 2 4 7 6
5 1 1 3 5 0 2 4 7 6
7 3 1 3 5 7 2 4 0 6
6 1 1 3 5 7 2 4 6 0

21 0.032006263732910156

