0 0 5 7 1 0 2 3 4 6
4 3 5 7 1 4 2 3 0 6
6 1 5 7 1 4 2 3 6 0
4 1 5 7 1 0 2 3 6 4
1 1 5 7 0 1 2 3 6 4
7 1 5 0 7 1 2 3 6 4
5 1 0 5 7 1 2 3 6 4
1 2 1 5 7 0 2 3 6 4
7 1 1 5 0 7 2 3 6 4
5 1 1 0 5 7 2 3 6 4
3 1 1 3 5 7 2 0 6 4
2 1 1 3 5 7 0 2 6 4
4 2 1 3 5 7 4 2 6 0
1 3 0 3 5 7 4 2 6 1
2 3 2 3 5 7 4 0 6 1
4 1 2 3 5 7 0 4 6 1
2 1 0 3 5 7 2 4 6 1
1 3 1 3 5 7 2 4 6 0

27 0.09351587295532227

0 0 5 7 1 0 2 3 4 6
4 3 5 7 1 4 2 3 0 6
6 1 5 7 1 4 2 3 6 0
4 1 5 7 1 0 2 3 6 4
1 1 5 7 0 1 2 3 6 4
7 1 5 0 7 1 2 3 6 4
5 1 0 5 7 1 2 3 6 4
1 2 1 5 7 0 2 3 6 4
7 1 1 5 0 7 2 3 6 4
5 1 1 0 5 7 2 3 6 4
3 1 1 3 5 7 2 0 6 4
2 1 1 3 5 7 0 2 6 4
4 2 1 3 5 7 4 2 6 0
1 3 0 3 5 7 4 2 6 1
2 3 2 3 5 7 4 0 6 1
4 1 2 3 5 7 0 4 6 1
2 1 0 3 5 7 2 4 6 1
1 3 1 3 5 7 2 4 6 0

27 0.10001730918884277

0 0 5 7 1 0 2 3 4 6
4 3 5 7 1 4 2 3 0 6
6 1 5 7 1 4 2 3 6 0
4 1 5 7 1 0 2 3 6 4
1 1 5 7 0 1 2 3 6 4
7 1 5 0 7 1 2 3 6 4
5 1 0 5 7 1 2 3 6 4
1 2 1 5 7 0 2 3 6 4
7 1 1 5 0 7 2 3 6 4
5 1 1 0 5 7 2 3 6 4
3 1 1 3 5 7 2 0 6 4
2 1 1 3 5 7 0 2 6 4
4 2 1 3 5 7 4 2 6 0
1 3 0 3 5 7 4 2 6 1
2 3 2 3 5 7 4 0 6 1
4 1 2 3 5 7 0 4 6 1
2 1 0 3 5 7 2 4 6 1
1 3 1 3 5 7 2 4 6 0

27 0.10551762580871582

