0 0 1 7 5 0 4 3 6 2
4 3 1 7 5 4 0 3 6 2
2 2 1 7 5 4 2 3 6 0
1 3 0 7 5 4 2 3 6 1
7 1 7 0 5 4 2 3 6 1
3 1 7 3 5 4 2 0 6 1
2 1 7 3 5 4 0 2 6 1
7 1 0 3 5 4 7 2 6 1
1 3 1 3 5 4 7 2 6 0
4 1 1 3 5 0 7 2 6 4
7 3 1 3 5 7 0 2 6 4
4 2 1 3 5 7 4 2 6 0
1 3 0 3 5 7 4 2 6 1
2 3 2 3 5 7 4 0 6 1
4 1 2 3 5 7 0 4 6 1
2 1 0 3 5 7 2 4 6 1
1 3 1 3 5 7 2 4 6 0

32 0.1610279083251953

0 0 1 7 5 0 4 3 6 2
4 3 1 7 5 4 0 3 6 2
2 2 1 7 5 4 2 3 6 0
1 3 0 7 5 4 2 3 6 1
7 1 7 0 5 4 2 3 6 1
3 1 7 3 5 4 2 0 6 1
2 1 7 3 5 4 0 2 6 1
7 1 0 3 5 4 7 2 6 1
1 3 1 3 5 4 7 2 6 0
4 1 1 3 5 0 7 2 6 4
7 3 1 3 5 7 0 2 6 4
4 2 1 3 5 7 4 2 6 0
1 3 0 3 5 7 4 2 6 1
2 3 2 3 5 7 4 0 6 1
4 1 2 3 5 7 0 4 6 1
2 1 0 3 5 7 2 4 6 1
1 3 1 3 5 7 2 4 6 0

32 0.15952849388122559

0 0 1 7 5 0 4 3 6 2
4 3 1 7 5 4 0 3 6 2
2 2 1 7 5 4 2 3 6 0
1 3 0 7 5 4 2 3 6 1
7 1 7 0 5 4 2 3 6 1
3 1 7 3 5 4 2 0 6 1
2 1 7 3 5 4 0 2 6 1
7 1 0 3 5 4 7 2 6 1
1 3 1 3 5 4 7 2 6 0
4 1 1 3 5 0 7 2 6 4
7 3 1 3 5 7 0 2 6 4
4 2 1 3 5 7 4 2 6 0
1 3 0 3 5 7 4 2 6 1
2 3 2 3 5 7 4 0 6 1
4 1 2 3 5 7 0 4 6 1
2 1 0 3 5 7 2 4 6 1
1 3 1 3 5 7 2 4 6 0

32 0.1615278720855713

