0 0 5 6 3 1 0 2 7 4
5 1 0 6 3 1 5 2 7 4
1 2 1 6 3 0 5 2 7 4
4 1 1 6 3 4 5 2 7 0
1 3 0 6 3 4 5 2 7 1
2 3 2 6 3 4 5 0 7 1
6 1 2 0 3 4 5 6 7 1
2 1 0 2 3 4 5 6 7 1
1 3 1 2 3 4 5 6 7 0

15 0.01300191879272461

0 0 5 6 3 1 0 2 7 4
5 1 0 6 3 1 5 2 7 4
1 2 1 6 3 0 5 2 7 4
4 1 1 6 3 4 5 2 7 0
1 3 0 6 3 4 5 2 7 1
2 3 2 6 3 4 5 0 7 1
6 1 2 0 3 4 5 6 7 1
2 1 0 2 3 4 5 6 7 1
1 3 1 2 3 4 5 6 7 0

15 0.013002395629882812

0 0 5 6 3 1 0 2 7 4
5 1 0 6 3 1 5 2 7 4
1 2 1 6 3 0 5 2 7 4
4 1 1 6 3 4 5 2 7 0
1 3 0 6 3 4 5 2 7 1
2 3 2 6 3 4 5 0 7 1
6 1 2 0 3 4 5 6 7 1
2 1 0 2 3 4 5 6 7 1
1 3 1 2 3 4 5 6 7 0

15 0.019503355026245117

