0 0 3 2 6 0 1 7 4 5
4 3 3 2 6 4 1 7 0 5
7 1 3 2 6 4 1 0 7 5
1 1 3 2 6 4 0 1 7 5
5 2 3 2 6 4 5 1 7 0
3 3 0 2 6 4 5 1 7 3
1 3 1 2 6 4 5 0 7 3
7 1 1 2 6 4 5 7 0 3
3 1 1 2 6 4 5 7 3 0
4 1 1 2 6 0 5 7 3 4
6 1 1 2 0 6 5 7 3 4
3 1 1 2 3 6 5 7 0 4
4 1 1 2 3 6 5 7 4 0
6 1 1 2 3 0 5 7 4 6
4 3 1 2 3 4 5 7 0 6
7 1 1 2 3 4 5 0 7 6
5 1 1 2 3 4 0 5 7 6
6 2 1 2 3 4 6 5 7 0
1 3 0 2 3 4 6 5 7 1
5 3 5 2 3 4 6 0 7 1
6 1 5 2 3 4 0 6 7 1
5 1 0 2 3 4 5 6 7 1
1 3 1 2 3 4 5 6 7 0

38 0.3030519485473633

0 0 3 2 6 0 1 7 4 5
4 3 3 2 6 4 1 7 0 5
7 1 3 2 6 4 1 0 7 5
1 1 3 2 6 4 0 1 7 5
5 2 3 2 6 4 5 1 7 0
3 3 0 2 6 4 5 1 7 3
1 3 1 2 6 4 5 0 7 3
7 1 1 2 6 4 5 7 0 3
3 1 1 2 6 4 5 7 3 0
4 1 1 2 6 0 5 7 3 4
6 1 1 2 0 6 5 7 3 4
3 1 1 2 3 6 5 7 0 4
4 1 1 2 3 6 5 7 4 0
6 1 1 2 3 0 5 7 4 6
4 3 1 2 3 4 5 7 0 6
7 1 1 2 3 4 5 0 7 6
5 1 1 2 3 4 0 5 7 6
6 2 1 2 3 4 6 5 7 0
1 3 0 2 3 4 6 5 7 1
5 3 5 2 3 4 6 0 7 1
6 1 5 2 3 4 0 6 7 1
5 1 0 2 3 4 5 6 7 1
1 3 1 2 3 4 5 6 7 0

38 0.32155609130859375

0 0 3 2 6 0 1 7 4 5
4 3 3 2 6 4 1 7 0 5
7 1 3 2 6 4 1 0 7 5
1 1 3 2 6 4 0 1 7 5
5 2 3 2 6 4 5 1 7 0
3 3 0 2 6 4 5 1 7 3
1 3 1 2 6 4 5 0 7 3
7 1 1 2 6 4 5 7 0 3
3 1 1 2 6 4 5 7 3 0
4 1 1 2 6 0 5 7 3 4
6 1 1 2 0 6 5 7 3 4
3 1 1 2 3 6 5 7 0 4
4 1 1 2 3 6 5 7 4 0
6 1 1 2 3 0 5 7 4 6
4 3 1 2 3 4 5 7 0 6
7 1 1 2 3 4 5 0 7 6
5 1 1 2 3 4 0 5 7 6
6 2 1 2 3 4 6 5 7 0
1 3 0 2 3 4 6 5 7 1
5 3 5 2 3 4 6 0 7 1
6 1 5 2 3 4 0 6 7 1
5 1 0 2 3 4 5 6 7 1
1 3 1 2 3 4 5 6 7 0

38 0.30705881118774414

