0 0 2 0 1 6 4 3 5 7
3 1 2 3 1 6 4 0 5 7
4 1 2 3 1 6 0 4 5 7
2 1 0 3 1 6 2 4 5 7
6 2 6 3 1 0 2 4 5 7
1 1 6 3 0 1 2 4 5 7
5 1 6 3 5 1 2 4 0 7
7 1 6 3 5 1 2 4 7 0
6 3 0 3 5 1 2 4 7 6
1 2 1 3 5 0 2 4 7 6
7 3 1 3 5 7 2 4 0 6
6 1 1 3 5 7 2 4 6 0

17 0.018002748489379883

0 0 2 0 1 6 4 3 5 7
3 1 2 3 1 6 4 0 5 7
4 1 2 3 1 6 0 4 5 7
2 1 0 3 1 6 2 4 5 7
6 2 6 3 1 0 2 4 5 7
1 1 6 3 0 1 2 4 5 7
5 1 6 3 5 1 2 4 0 7
7 1 6 3 5 1 2 4 7 0
6 3 0 3 5 1 2 4 7 6
1 2 1 3 5 0 2 4 7 6
7 3 1 3 5 7 2 4 0 6
6 1 1 3 5 7 2 4 6 0

17 0.01750326156616211

0 0 2 0 1 6 4 3 5 7
3 1 2 3 1 6 4 0 5 7
4 1 2 3 1 6 0 4 5 7
2 1 0 3 1 6 2 4 5 7
6 2 6 3 1 0 2 4 5 7
1 1 6 3 0 1 2 4 5 7
5 1 6 3 5 1 2 4 0 7
7 1 6 3 5 1 2 4 7 0
6 3 0 3 5 1 2 4 7 6
1 2 1 3 5 0 2 4 7 6
7 3 1 3 5 7 2 4 0 6
6 1 1 3 5 7 2 4 6 0

17 0.017502307891845703

