0 0 6 5 2 7 3 1 4 0
6 3 0 5 2 7 3 1 4 6
1 3 1 5 2 7 3 0 4 6
4 1 1 5 2 7 3 4 0 6
2 1 1 5 0 7 3 4 2 6
5 1 1 0 5 7 3 4 2 6
4 1 1 4 5 7 3 0 2 6
2 1 1 4 5 7 3 2 0 6
6 1 1 4 5 7 3 2 6 0
3 2 1 4 5 7 0 2 6 3
2 1 1 4 5 7 2 0 6 3
4 1 1 0 5 7 2 4 6 3
1 1 0 1 5 7 2 4 6 3
3 3 3 1 5 7 2 4 6 0
2 2 3 1 5 7 0 4 6 2
3 1 0 1 5 7 3 4 6 2
1 1 1 0 5 7 3 4 6 2
4 1 1 4 5 7 3 0 6 2
3 1 1 4 5 7 0 3 6 2
2 2 1 4 5 7 2 3 6 0
1 3 0 4 5 7 2 3 6 1
3 3 3 4 5 7 2 0 6 1
4 1 3 0 5 7 2 4 6 1
3 1 0 3 5 7 2 4 6 1
1 3 1 3 5 7 2 4 6 0

39 0.11901998519897461

0 0 6 5 2 7 3 1 4 0
6 3 0 5 2 7 3 1 4 6
1 3 1 5 2 7 3 0 4 6
4 1 1 5 2 7 3 4 0 6
2 1 1 5 0 7 3 4 2 6
5 1 1 0 5 7 3 4 2 6
4 1 1 4 5 7 3 0 2 6
2 1 1 4 5 7 3 2 0 6
6 1 1 4 5 7 3 2 6 0
3 2 1 4 5 7 0 2 6 3
2 1 1 4 5 7 2 0 6 3
4 1 1 0 5 7 2 4 6 3
1 1 0 1 5 7 2 4 6 3
3 3 3 1 5 7 2 4 6 0
2 2 3 1 5 7 0 4 6 2
3 1 0 1 5 7 3 4 6 2
1 1 1 0 5 7 3 4 6 2
4 1 1 4 5 7 3 0 6 2
3 1 1 4 5 7 0 3 6 2
2 2 1 4 5 7 2 3 6 0
1 3 0 4 5 7 2 3 6 1
3 3 3 4 5 7 2 0 6 1
4 1 3 0 5 7 2 4 6 1
3 1 0 3 5 7 2 4 6 1
1 3 1 3 5 7 2 4 6 0

39 0.14402484893798828

0 0 6 5 2 7 3 1 4 0
6 3 0 5 2 7 3 1 4 6
1 3 1 5 2 7 3 0 4 6
4 1 1 5 2 7 3 4 0 6
2 1 1 5 0 7 3 4 2 6
5 1 1 0 5 7 3 4 2 6
4 1 1 4 5 7 3 0 2 6
2 1 1 4 5 7 3 2 0 6
6 1 1 4 5 7 3 2 6 0
3 2 1 4 5 7 0 2 6 3
2 1 1 4 5 7 2 0 6 3
4 1 1 0 5 7 2 4 6 3
1 1 0 1 5 7 2 4 6 3
3 3 3 1 5 7 2 4 6 0
2 2 3 1 5 7 0 4 6 2
3 1 0 1 5 7 3 4 6 2
1 1 1 0 5 7 3 4 6 2
4 1 1 4 5 7 3 0 6 2
3 1 1 4 5 7 0 3 6 2
2 2 1 4 5 7 2 3 6 0
1 3 0 4 5 7 2 3 6 1
3 3 3 4 5 7 2 0 6 1
4 1 3 0 5 7 2 4 6 1
3 1 0 3 5 7 2 4 6 1
1 3 1 3 5 7 2 4 6 0

39 0.13352394104003906

