0 0 3 7 5 2 1 4 6 0
1 2 3 7 5 2 0 4 6 1
2 3 3 7 5 0 2 4 6 1
5 1 3 7 0 5 2 4 6 1
7 1 3 0 7 5 2 4 6 1
3 1 0 3 7 5 2 4 6 1
1 3 1 3 7 5 2 4 6 0
6 1 1 3 7 5 2 4 0 6
7 1 1 3 0 5 2 4 7 6
5 1 1 3 5 0 2 4 7 6
7 3 1 3 5 7 2 4 0 6
6 1 1 3 5 7 2 4 6 0

18 0.13302206993103027

0 0 3 7 5 2 1 4 6 0
1 2 3 7 5 2 0 4 6 1
2 3 3 7 5 0 2 4 6 1
5 1 3 7 0 5 2 4 6 1
7 1 3 0 7 5 2 4 6 1
3 1 0 3 7 5 2 4 6 1
1 3 1 3 7 5 2 4 6 0
6 1 1 3 7 5 2 4 0 6
7 1 1 3 0 5 2 4 7 6
5 1 1 3 5 0 2 4 7 6
7 3 1 3 5 7 2 4 0 6
6 1 1 3 5 7 2 4 6 0

18 0.14452481269836426

0 0 3 7 5 2 1 4 6 0
1 2 3 7 5 2 0 4 6 1
2 3 3 7 5 0 2 4 6 1
5 1 3 7 0 5 2 4 6 1
7 1 3 0 7 5 2 4 6 1
3 1 0 3 7 5 2 4 6 1
1 3 1 3 7 5 2 4 6 0
6 1 1 3 7 5 2 4 0 6
7 1 1 3 0 5 2 4 7 6
5 1 1 3 5 0 2 4 7 6
7 3 1 3 5 7 2 4 0 6
6 1 1 3 5 7 2 4 6 0

18 0.13802409172058105

