0 0 6 2 3 1 0 4 7 5
5 2 6 2 3 1 5 4 7 0
6 3 0 2 3 1 5 4 7 6
1 2 1 2 3 0 5 4 7 6
7 3 1 2 3 7 5 4 0 6
6 1 1 2 3 7 5 4 6 0
5 2 1 2 3 7 0 4 6 5
4 1 1 2 3 7 4 0 6 5
6 1 1 2 3 7 4 6 0 5
5 1 1 2 3 7 4 6 5 0
7 1 1 2 3 0 4 6 5 7
5 3 1 2 3 5 4 6 0 7
7 1 1 2 3 5 4 6 7 0
5 1 1 2 3 0 4 6 7 5
4 3 1 2 3 4 0 6 7 5
5 2 1 2 3 4 5 6 7 0

27 0.10501813888549805

0 0 6 2 3 1 0 4 7 5
5 2 6 2 3 1 5 4 7 0
6 3 0 2 3 1 5 4 7 6
1 2 1 2 3 0 5 4 7 6
7 3 1 2 3 7 5 4 0 6
6 1 1 2 3 7 5 4 6 0
5 2 1 2 3 7 0 4 6 5
4 1 1 2 3 7 4 0 6 5
6 1 1 2 3 7 4 6 0 5
5 1 1 2 3 7 4 6 5 0
7 1 1 2 3 0 4 6 5 7
5 3 1 2 3 5 4 6 0 7
7 1 1 2 3 5 4 6 7 0
5 1 1 2 3 0 4 6 7 5
4 3 1 2 3 4 0 6 7 5
5 2 1 2 3 4 5 6 7 0

27 0.10951900482177734

0 0 6 2 3 1 0 4 7 5
5 2 6 2 3 1 5 4 7 0
6 3 0 2 3 1 5 4 7 6
1 2 1 2 3 0 5 4 7 6
7 3 1 2 3 7 5 4 0 6
6 1 1 2 3 7 5 4 6 0
5 2 1 2 3 7 0 4 6 5
4 1 1 2 3 7 4 0 6 5
6 1 1 2 3 7 4 6 0 5
5 1 1 2 3 7 4 6 5 0
7 1 1 2 3 0 4 6 5 7
5 3 1 2 3 5 4 6 0 7
7 1 1 2 3 5 4 6 7 0
5 1 1 2 3 0 4 6 7 5
4 3 1 2 3 4 0 6 7 5
5 2 1 2 3 4 5 6 7 0

27 0.10651683807373047

