0 0 0 5 1 7 2 6 4 3
6 3 6 5 1 7 2 0 4 3
4 1 6 5 1 7 2 4 0 3
1 1 6 5 0 7 2 4 1 3
5 1 6 0 5 7 2 4 1 3
6 1 0 6 5 7 2 4 1 3
3 3 3 6 5 7 2 4 1 0
1 1 3 6 5 7 2 4 0 1
5 1 3 6 0 7 2 4 5 1
6 1 3 0 6 7 2 4 5 1
3 1 0 3 6 7 2 4 5 1
1 3 1 3 6 7 2 4 5 0
7 1 1 3 6 0 2 4 5 7
6 1 1 3 0 6 2 4 5 7
5 1 1 3 5 6 2 4 0 7
7 1 1 3 5 6 2 4 7 0
6 1 1 3 5 0 2 4 7 6
7 3 1 3 5 7 2 4 0 6
6 1 1 3 5 7 2 4 6 0

26 0.061010122299194336

0 0 0 5 1 7 2 6 4 3
6 3 6 5 1 7 2 0 4 3
4 1 6 5 1 7 2 4 0 3
1 1 6 5 0 7 2 4 1 3
5 1 6 0 5 7 2 4 1 3
6 1 0 6 5 7 2 4 1 3
3 3 3 6 5 7 2 4 1 0
1 1 3 6 5 7 2 4 0 1
5 1 3 6 0 7 2 4 5 1
6 1 3 0 6 7 2 4 5 1
3 1 0 3 6 7 2 4 5 1
1 3 1 3 6 7 2 4 5 0
7 1 1 3 6 0 2 4 5 7
6 1 1 3 0 6 2 4 5 7
5 1 1 3 5 6 2 4 0 7
7 1 1 3 5 6 2 4 7 0
6 1 1 3 5 0 2 4 7 6
7 3 1 3 5 7 2 4 0 6
6 1 1 3 5 7 2 4 6 0

26 0.06701183319091797

0 0 0 5 1 7 2 6 4 3
6 3 6 5 1 7 2 0 4 3
4 1 6 5 1 7 2 4 0 3
1 1 6 5 0 7 2 4 1 3
5 1 6 0 5 7 2 4 1 3
6 1 0 6 5 7 2 4 1 3
3 3 3 6 5 7 2 4 1 0
1 1 3 6 5 7 2 4 0 1
5 1 3 6 0 7 2 4 5 1
6 1 3 0 6 7 2 4 5 1
3 1 0 3 6 7 2 4 5 1
1 3 1 3 6 7 2 4 5 0
7 1 1 3 6 0 2 4 5 7
6 1 1 3 0 6 2 4 5 7
5 1 1 3 5 6 2 4 0 7
7 1 1 3 5 6 2 4 7 0
6 1 1 3 5 0 2 4 7 6
7 3 1 3 5 7 2 4 0 6
6 1 1 3 5 7 2 4 6 0

26 0.07501339912414551

