0 0 3 2 1 5 7 4 6 0
5 1 3 2 1 0 7 4 6 5
7 3 3 2 1 7 0 4 6 5
5 2 3 2 1 7 5 4 6 0
3 3 0 2 1 7 5 4 6 3
4 3 4 2 1 7 5 0 6 3
6 1 4 2 1 7 5 6 0 3
1 1 4 2 0 7 5 6 1 3
7 1 4 2 7 0 5 6 1 3
4 2 0 2 7 4 5 6 1 3
3 3 3 2 7 4 5 6 1 0
1 1 3 2 7 4 5 6 0 1
7 1 3 2 0 4 5 6 7 1
4 1 3 2 4 0 5 6 7 1
3 2 0 2 4 3 5 6 7 1
1 3 1 2 4 3 5 6 7 0
7 1 1 2 4 3 5 6 0 7
4 1 1 2 0 3 5 6 4 7
3 1 1 2 3 0 5 6 4 7
4 3 1 2 3 4 5 6 0 7
7 1 1 2 3 4 5 6 7 0

35 0.09351515769958496

0 0 3 2 1 5 7 4 6 0
5 1 3 2 1 0 7 4 6 5
7 3 3 2 1 7 0 4 6 5
5 2 3 2 1 7 5 4 6 0
3 3 0 2 1 7 5 4 6 3
4 3 4 2 1 7 5 0 6 3
6 1 4 2 1 7 5 6 0 3
1 1 4 2 0 7 5 6 1 3
7 1 4 2 7 0 5 6 1 3
4 2 0 2 7 4 5 6 1 3
3 3 3 2 7 4 5 6 1 0
1 1 3 2 7 4 5 6 0 1
7 1 3 2 0 4 5 6 7 1
4 1 3 2 4 0 5 6 7 1
3 2 0 2 4 3 5 6 7 1
1 3 1 2 4 3 5 6 7 0
7 1 1 2 4 3 5 6 0 7
4 1 1 2 0 3 5 6 4 7
3 1 1 2 3 0 5 6 4 7
4 3 1 2 3 4 5 6 0 7
7 1 1 2 3 4 5 6 7 0

35 0.08801603317260742

0 0 3 2 1 5 7 4 6 0
5 1 3 2 1 0 7 4 6 5
7 3 3 2 1 7 0 4 6 5
5 2 3 2 1 7 5 4 6 0
3 3 0 2 1 7 5 4 6 3
4 3 4 2 1 7 5 0 6 3
6 1 4 2 1 7 5 6 0 3
1 1 4 2 0 7 5 6 1 3
7 1 4 2 7 0 5 6 1 3
4 2 0 2 7 4 5 6 1 3
3 3 3 2 7 4 5 6 1 0
1 1 3 2 7 4 5 6 0 1
7 1 3 2 0 4 5 6 7 1
4 1 3 2 4 0 5 6 7 1
3 2 0 2 4 3 5 6 7 1
1 3 1 2 4 3 5 6 7 0
7 1 1 2 4 3 5 6 0 7
4 1 1 2 0 3 5 6 4 7
3 1 1 2 3 0 5 6 4 7
4 3 1 2 3 4 5 6 0 7
7 1 1 2 3 4 5 6 7 0

35 0.08801436424255371

