0 0 3 5 7 0 2 1 6 4
7 1 3 5 0 7 2 1 6 4
5 1 3 0 5 7 2 1 6 4
3 1 0 3 5 7 2 1 6 4
4 3 4 3 5 7 2 1 6 0
2 2 4 3 5 7 0 1 6 2
4 1 0 3 5 7 4 1 6 2
1 3 1 3 5 7 4 0 6 2
4 1 1 3 5 7 0 4 6 2
2 2 1 3 5 7 2 4 6 0

15 0.040006399154663086

0 0 3 5 7 0 2 1 6 4
7 1 3 5 0 7 2 1 6 4
5 1 3 0 5 7 2 1 6 4
3 1 0 3 5 7 2 1 6 4
4 3 4 3 5 7 2 1 6 0
2 2 4 3 5 7 0 1 6 2
4 1 0 3 5 7 4 1 6 2
1 3 1 3 5 7 4 0 6 2
4 1 1 3 5 7 0 4 6 2
2 2 1 3 5 7 2 4 6 0

15 0.04900836944580078

0 0 3 5 7 0 2 1 6 4
7 1 3 5 0 7 2 1 6 4
5 1 3 0 5 7 2 1 6 4
3 1 0 3 5 7 2 1 6 4
4 3 4 3 5 7 2 1 6 0
2 2 4 3 5 7 0 1 6 2
4 1 0 3 5 7 4 1 6 2
1 3 1 3 5 7 4 0 6 2
4 1 1 3 5 7 0 4 6 2
2 2 1 3 5 7 2 4 6 0

15 0.04250764846801758

