0 0 1 6 2 3 7 5 4 0
3 1 1 6 2 0 7 5 4 3
4 3 1 6 2 4 7 5 0 3
5 1 1 6 2 4 7 0 5 3
6 1 1 0 2 4 7 6 5 3
2 1 1 2 0 4 7 6 5 3
5 1 1 2 5 4 7 6 0 3
3 1 1 2 5 4 7 6 3 0
4 1 1 2 5 0 7 6 3 4
5 1 1 2 0 5 7 6 3 4
3 1 1 2 3 5 7 6 0 4
4 1 1 2 3 5 7 6 4 0
7 2 1 2 3 5 0 6 4 7
5 3 1 2 3 0 5 6 4 7
4 3 1 2 3 4 5 6 0 7
7 1 1 2 3 4 5 6 7 0

22 0.0440068244934082

0 0 1 6 2 3 7 5 4 0
3 1 1 6 2 0 7 5 4 3
4 3 1 6 2 4 7 5 0 3
5 1 1 6 2 4 7 0 5 3
6 1 1 0 2 4 7 6 5 3
2 1 1 2 0 4 7 6 5 3
5 1 1 2 5 4 7 6 0 3
3 1 1 2 5 4 7 6 3 0
4 1 1 2 5 0 7 6 3 4
5 1 1 2 0 5 7 6 3 4
3 1 1 2 3 5 7 6 0 4
4 1 1 2 3 5 7 6 4 0
7 2 1 2 3 5 0 6 4 7
5 3 1 2 3 0 5 6 4 7
4 3 1 2 3 4 5 6 0 7
7 1 1 2 3 4 5 6 7 0

22 0.03800487518310547

0 0 1 6 2 3 7 5 4 0
3 1 1 6 2 0 7 5 4 3
4 3 1 6 2 4 7 5 0 3
5 1 1 6 2 4 7 0 5 3
6 1 1 0 2 4 7 6 5 3
2 1 1 2 0 4 7 6 5 3
5 1 1 2 5 4 7 6 0 3
3 1 1 2 5 4 7 6 3 0
4 1 1 2 5 0 7 6 3 4
5 1 1 2 0 5 7 6 3 4
3 1 1 2 3 5 7 6 0 4
4 1 1 2 3 5 7 6 4 0
7 2 1 2 3 5 0 6 4 7
5 3 1 2 3 0 5 6 4 7
4 3 1 2 3 4 5 6 0 7
7 1 1 2 3 4 5 6 7 0

22 0.039006948471069336

