0 0 7 5 2 3 0 1 4 6
7 1 0 5 2 3 7 1 4 6
1 3 1 5 2 3 7 0 4 6
4 1 1 5 2 3 7 4 0 6
6 1 1 5 2 3 7 4 6 0
3 1 1 5 2 0 7 4 6 3
2 1 1 5 0 2 7 4 6 3
5 1 1 0 5 2 7 4 6 3
1 1 0 1 5 2 7 4 6 3
7 1 7 1 5 2 0 4 6 3
2 3 7 1 5 0 2 4 6 3
7 2 0 1 5 7 2 4 6 3
3 3 3 1 5 7 2 4 6 0
2 2 3 1 5 7 0 4 6 2
3 1 0 1 5 7 3 4 6 2
1 1 1 0 5 7 3 4 6 2
4 1 1 4 5 7 3 0 6 2
3 1 1 4 5 7 0 3 6 2
2 2 1 4 5 7 2 3 6 0
1 3 0 4 5 7 2 3 6 1
3 3 3 4 5 7 2 0 6 1
4 1 3 0 5 7 2 4 6 1
3 1 0 3 5 7 2 4 6 1
1 3 1 3 5 7 2 4 6 0

38 0.12251996994018555

0 0 7 5 2 3 0 1 4 6
7 1 0 5 2 3 7 1 4 6
1 3 1 5 2 3 7 0 4 6
4 1 1 5 2 3 7 4 0 6
6 1 1 5 2 3 7 4 6 0
3 1 1 5 2 0 7 4 6 3
2 1 1 5 0 2 7 4 6 3
5 1 1 0 5 2 7 4 6 3
1 1 0 1 5 2 7 4 6 3
7 1 7 1 5 2 0 4 6 3
2 3 7 1 5 0 2 4 6 3
7 2 0 1 5 7 2 4 6 3
3 3 3 1 5 7 2 4 6 0
2 2 3 1 5 7 0 4 6 2
3 1 0 1 5 7 3 4 6 2
1 1 1 0 5 7 3 4 6 2
4 1 1 4 5 7 3 0 6 2
3 1 1 4 5 7 0 3 6 2
2 2 1 4 5 7 2 3 6 0
1 3 0 4 5 7 2 3 6 1
3 3 3 4 5 7 2 0 6 1
4 1 3 0 5 7 2 4 6 1
3 1 0 3 5 7 2 4 6 1
1 3 1 3 5 7 2 4 6 0

38 0.13452506065368652

0 0 7 5 2 3 0 1 4 6
7 1 0 5 2 3 7 1 4 6
1 3 1 5 2 3 7 0 4 6
4 1 1 5 2 3 7 4 0 6
6 1 1 5 2 3 7 4 6 0
3 1 1 5 2 0 7 4 6 3
2 1 1 5 0 2 7 4 6 3
5 1 1 0 5 2 7 4 6 3
1 1 0 1 5 2 7 4 6 3
7 1 7 1 5 2 0 4 6 3
2 3 7 1 5 0 2 4 6 3
7 2 0 1 5 7 2 4 6 3
3 3 3 1 5 7 2 4 6 0
2 2 3 1 5 7 0 4 6 2
3 1 0 1 5 7 3 4 6 2
1 1 1 0 5 7 3 4 6 2
4 1 1 4 5 7 3 0 6 2
3 1 1 4 5 7 0 3 6 2
2 2 1 4 5 7 2 3 6 0
1 3 0 4 5 7 2 3 6 1
3 3 3 4 5 7 2 0 6 1
4 1 3 0 5 7 2 4 6 1
3 1 0 3 5 7 2 4 6 1
1 3 1 3 5 7 2 4 6 0

38 0.14202213287353516

