0 0 1 2 7 6 4 0 3 5
4 1 1 2 7 6 0 4 3 5
5 2 1 2 7 6 5 4 3 0
6 1 1 2 7 0 5 4 3 6
7 1 1 2 0 7 5 4 3 6
3 1 1 2 3 7 5 4 0 6
6 1 1 2 3 7 5 4 6 0
5 2 1 2 3 7 0 4 6 5
4 1 1 2 3 7 4 0 6 5
6 1 1 2 3 7 4 6 0 5
5 1 1 2 3 7 4 6 5 0
7 1 1 2 3 0 4 6 5 7
5 3 1 2 3 5 4 6 0 7
7 1 1 2 3 5 4 6 7 0
5 1 1 2 3 0 4 6 7 5
4 3 1 2 3 4 0 6 7 5
5 2 1 2 3 4 5 6 7 0

23 0.0775141716003418

0 0 1 2 7 6 4 0 3 5
4 1 1 2 7 6 0 4 3 5
5 2 1 2 7 6 5 4 3 0
6 1 1 2 7 0 5 4 3 6
7 1 1 2 0 7 5 4 3 6
3 1 1 2 3 7 5 4 0 6
6 1 1 2 3 7 5 4 6 0
5 2 1 2 3 7 0 4 6 5
4 1 1 2 3 7 4 0 6 5
6 1 1 2 3 7 4 6 0 5
5 1 1 2 3 7 4 6 5 0
7 1 1 2 3 0 4 6 5 7
5 3 1 2 3 5 4 6 0 7
7 1 1 2 3 5 4 6 7 0
5 1 1 2 3 0 4 6 7 5
4 3 1 2 3 4 0 6 7 5
5 2 1 2 3 4 5 6 7 0

23 0.08701491355895996

0 0 1 2 7 6 4 0 3 5
4 1 1 2 7 6 0 4 3 5
5 2 1 2 7 6 5 4 3 0
6 1 1 2 7 0 5 4 3 6
7 1 1 2 0 7 5 4 3 6
3 1 1 2 3 7 5 4 0 6
6 1 1 2 3 7 5 4 6 0
5 2 1 2 3 7 0 4 6 5
4 1 1 2 3 7 4 0 6 5
6 1 1 2 3 7 4 6 0 5
5 1 1 2 3 7 4 6 5 0
7 1 1 2 3 0 4 6 5 7
5 3 1 2 3 5 4 6 0 7
7 1 1 2 3 5 4 6 7 0
5 1 1 2 3 0 4 6 7 5
4 3 1 2 3 4 0 6 7 5
5 2 1 2 3 4 5 6 7 0

23 0.08501386642456055

