0 0 4 0 6 5 3 1 7 2
4 1 0 4 6 5 3 1 7 2
1 3 1 4 6 5 3 0 7 2
4 1 1 0 6 5 3 4 7 2
6 1 1 6 0 5 3 4 7 2
5 1 1 6 5 0 3 4 7 2
3 3 1 6 5 3 0 4 7 2
2 2 1 6 5 3 2 4 7 0
3 1 1 6 5 0 2 4 7 3
7 3 1 6 5 7 2 4 0 3
4 1 1 6 5 7 2 0 4 3
6 1 1 0 5 7 2 6 4 3
1 1 0 1 5 7 2 6 4 3
6 3 6 1 5 7 2 0 4 3
4 1 6 1 5 7 2 4 0 3
3 1 6 1 5 7 2 4 3 0
6 3 0 1 5 7 2 4 3 6
1 1 1 0 5 7 2 4 3 6
4 1 1 4 5 7 2 0 3 6
3 1 1 4 5 7 2 3 0 6
6 1 1 4 5 7 2 3 6 0
1 3 0 4 5 7 2 3 6 1
3 3 3 4 5 7 2 0 6 1
4 1 3 0 5 7 2 4 6 1
3 1 0 3 5 7 2 4 6 1
1 3 1 3 5 7 2 4 6 0

42 0.31505465507507324

0 0 4 0 6 5 3 1 7 2
4 1 0 4 6 5 3 1 7 2
1 3 1 4 6 5 3 0 7 2
4 1 1 0 6 5 3 4 7 2
6 1 1 6 0 5 3 4 7 2
5 1 1 6 5 0 3 4 7 2
3 3 1 6 5 3 0 4 7 2
2 2 1 6 5 3 2 4 7 0
3 1 1 6 5 0 2 4 7 3
7 3 1 6 5 7 2 4 0 3
4 1 1 6 5 7 2 0 4 3
6 1 1 0 5 7 2 6 4 3
1 1 0 1 5 7 2 6 4 3
6 3 6 1 5 7 2 0 4 3
4 1 6 1 5 7 2 4 0 3
3 1 6 1 5 7 2 4 3 0
6 3 0 1 5 7 2 4 3 6
1 1 1 0 5 7 2 4 3 6
4 1 1 4 5 7 2 0 3 6
3 1 1 4 5 7 2 3 0 6
6 1 1 4 5 7 2 3 6 0
1 3 0 4 5 7 2 3 6 1
3 3 3 4 5 7 2 0 6 1
4 1 3 0 5 7 2 4 6 1
3 1 0 3 5 7 2 4 6 1
1 3 1 3 5 7 2 4 6 0

42 0.3225555419921875

0 0 4 0 6 5 3 1 7 2
4 1 0 4 6 5 3 1 7 2
1 3 1 4 6 5 3 0 7 2
4 1 1 0 6 5 3 4 7 2
6 1 1 6 0 5 3 4 7 2
5 1 1 6 5 0 3 4 7 2
3 3 1 6 5 3 0 4 7 2
2 2 1 6 5 3 2 4 7 0
3 1 1 6 5 0 2 4 7 3
7 3 1 6 5 7 2 4 0 3
4 1 1 6 5 7 2 0 4 3
6 1 1 0 5 7 2 6 4 3
1 1 0 1 5 7 2 6 4 3
6 3 6 1 5 7 2 0 4 3
4 1 6 1 5 7 2 4 0 3
3 1 6 1 5 7 2 4 3 0
6 3 0 1 5 7 2 4 3 6
1 1 1 0 5 7 2 4 3 6
4 1 1 4 5 7 2 0 3 6
3 1 1 4 5 7 2 3 0 6
6 1 1 4 5 7 2 3 6 0
1 3 0 4 5 7 2 3 6 1
3 3 3 4 5 7 2 0 6 1
4 1 3 0 5 7 2 4 6 1
3 1 0 3 5 7 2 4 6 1
1 3 1 3 5 7 2 4 6 0

42 0.3230552673339844

