0 0 7 0 6 4 1 3 5 2
7 1 0 7 6 4 1 3 5 2
1 1 1 7 6 4 0 3 5 2
2 2 1 7 6 4 2 3 5 0
5 1 1 7 6 4 2 3 0 5
6 1 1 7 0 4 2 3 6 5
7 1 1 0 7 4 2 3 6 5
3 1 1 3 7 4 2 0 6 5
6 1 1 3 7 4 2 6 0 5
7 1 1 3 0 4 2 6 7 5
3 1 1 0 3 4 2 6 7 5
6 1 1 6 3 4 2 0 7 5
2 1 1 6 3 4 0 2 7 5
5 2 1 6 3 4 5 2 7 0
1 3 0 6 3 4 5 2 7 1
2 3 2 6 3 4 5 0 7 1
6 1 2 0 3 4 5 6 7 1
2 1 0 2 3 4 5 6 7 1
1 3 1 2 3 4 5 6 7 0

26 0.0530095100402832

0 0 7 0 6 4 1 3 5 2
7 1 0 7 6 4 1 3 5 2
1 1 1 7 6 4 0 3 5 2
2 2 1 7 6 4 2 3 5 0
5 1 1 7 6 4 2 3 0 5
6 1 1 7 0 4 2 3 6 5
7 1 1 0 7 4 2 3 6 5
3 1 1 3 7 4 2 0 6 5
6 1 1 3 7 4 2 6 0 5
7 1 1 3 0 4 2 6 7 5
3 1 1 0 3 4 2 6 7 5
6 1 1 6 3 4 2 0 7 5
2 1 1 6 3 4 0 2 7 5
5 2 1 6 3 4 5 2 7 0
1 3 0 6 3 4 5 2 7 1
2 3 2 6 3 4 5 0 7 1
6 1 2 0 3 4 5 6 7 1
2 1 0 2 3 4 5 6 7 1
1 3 1 2 3 4 5 6 7 0

26 0.0530085563659668

0 0 7 0 6 4 1 3 5 2
7 1 0 7 6 4 1 3 5 2
1 1 1 7 6 4 0 3 5 2
2 2 1 7 6 4 2 3 5 0
5 1 1 7 6 4 2 3 0 5
6 1 1 7 0 4 2 3 6 5
7 1 1 0 7 4 2 3 6 5
3 1 1 3 7 4 2 0 6 5
6 1 1 3 7 4 2 6 0 5
7 1 1 3 0 4 2 6 7 5
3 1 1 0 3 4 2 6 7 5
6 1 1 6 3 4 2 0 7 5
2 1 1 6 3 4 0 2 7 5
5 2 1 6 3 4 5 2 7 0
1 3 0 6 3 4 5 2 7 1
2 3 2 6 3 4 5 0 7 1
6 1 2 0 3 4 5 6 7 1
2 1 0 2 3 4 5 6 7 1
1 3 1 2 3 4 5 6 7 0

26 0.053009033203125

