0 0 6 5 0 7 4 2 3 1
5 1 6 0 5 7 4 2 3 1
2 1 6 2 5 7 4 0 3 1
4 1 6 2 5 7 0 4 3 1
6 1 0 2 5 7 6 4 3 1
1 3 1 2 5 7 6 4 3 0
6 2 1 2 5 7 0 4 3 6
4 1 1 2 5 7 4 0 3 6
3 1 1 2 5 7 4 3 0 6
6 1 1 2 5 7 4 3 6 0
1 3 0 2 5 7 4 3 6 1
2 1 2 0 5 7 4 3 6 1
3 1 2 3 5 7 4 0 6 1
4 1 2 3 5 7 0 4 6 1
2 1 0 3 5 7 2 4 6 1
1 3 1 3 5 7 2 4 6 0

22 0.24554204940795898

0 0 6 5 0 7 4 2 3 1
5 1 6 0 5 7 4 2 3 1
2 1 6 2 5 7 4 0 3 1
4 1 6 2 5 7 0 4 3 1
6 1 0 2 5 7 6 4 3 1
1 3 1 2 5 7 6 4 3 0
6 2 1 2 5 7 0 4 3 6
4 1 1 2 5 7 4 0 3 6
3 1 1 2 5 7 4 3 0 6
6 1 1 2 5 7 4 3 6 0
1 3 0 2 5 7 4 3 6 1
2 1 2 0 5 7 4 3 6 1
3 1 2 3 5 7 4 0 6 1
4 1 2 3 5 7 0 4 6 1
2 1 0 3 5 7 2 4 6 1
1 3 1 3 5 7 2 4 6 0

22 0.24854350090026855

0 0 6 5 0 7 4 2 3 1
5 1 6 0 5 7 4 2 3 1
2 1 6 2 5 7 4 0 3 1
4 1 6 2 5 7 0 4 3 1
6 1 0 2 5 7 6 4 3 1
1 3 1 2 5 7 6 4 3 0
6 2 1 2 5 7 0 4 3 6
4 1 1 2 5 7 4 0 3 6
3 1 1 2 5 7 4 3 0 6
6 1 1 2 5 7 4 3 6 0
1 3 0 2 5 7 4 3 6 1
2 1 2 0 5 7 4 3 6 1
3 1 2 3 5 7 4 0 6 1
4 1 2 3 5 7 0 4 6 1
2 1 0 3 5 7 2 4 6 1
1 3 1 3 5 7 2 4 6 0

22 0.24154257774353027

