0 0 6 0 2 5 1 3 7 4
2 1 6 2 0 5 1 3 7 4
5 1 6 2 5 0 1 3 7 4
4 1 6 2 5 4 1 3 7 0
1 2 6 2 5 4 0 3 7 1
6 1 0 2 5 4 6 3 7 1
3 3 3 2 5 4 6 0 7 1
6 1 3 2 5 4 0 6 7 1
3 1 0 2 5 4 3 6 7 1
1 3 1 2 5 4 3 6 7 0
7 1 1 2 5 4 3 6 0 7
5 1 1 2 0 4 3 6 5 7
4 1 1 2 4 0 3 6 5 7
5 3 1 2 4 5 3 6 0 7
7 1 1 2 4 5 3 6 7 0
3 2 1 2 4 5 0 6 7 3
5 3 1 2 4 0 5 6 7 3
3 1 1 2 4 3 5 6 7 0
7 1 1 2 4 3 5 6 0 7
4 1 1 2 0 3 5 6 4 7
3 1 1 2 3 0 5 6 4 7
4 3 1 2 3 4 5 6 0 7
7 1 1 2 3 4 5 6 7 0

34 0.5856008529663086

0 0 6 0 2 5 1 3 7 4
2 1 6 2 0 5 1 3 7 4
5 1 6 2 5 0 1 3 7 4
4 1 6 2 5 4 1 3 7 0
1 2 6 2 5 4 0 3 7 1
6 1 0 2 5 4 6 3 7 1
3 3 3 2 5 4 6 0 7 1
6 1 3 2 5 4 0 6 7 1
3 1 0 2 5 4 3 6 7 1
1 3 1 2 5 4 3 6 7 0
7 1 1 2 5 4 3 6 0 7
5 1 1 2 0 4 3 6 5 7
4 1 1 2 4 0 3 6 5 7
5 3 1 2 4 5 3 6 0 7
7 1 1 2 4 5 3 6 7 0
3 2 1 2 4 5 0 6 7 3
5 3 1 2 4 0 5 6 7 3
3 1 1 2 4 3 5 6 7 0
7 1 1 2 4 3 5 6 0 7
4 1 1 2 0 3 5 6 4 7
3 1 1 2 3 0 5 6 4 7
4 3 1 2 3 4 5 6 0 7
7 1 1 2 3 4 5 6 7 0

34 0.603344202041626

0 0 6 0 2 5 1 3 7 4
2 1 6 2 0 5 1 3 7 4
5 1 6 2 5 0 1 3 7 4
4 1 6 2 5 4 1 3 7 0
1 2 6 2 5 4 0 3 7 1
6 1 0 2 5 4 6 3 7 1
3 3 3 2 5 4 6 0 7 1
6 1 3 2 5 4 0 6 7 1
3 1 0 2 5 4 3 6 7 1
1 3 1 2 5 4 3 6 7 0
7 1 1 2 5 4 3 6 0 7
5 1 1 2 0 4 3 6 5 7
4 1 1 2 4 0 3 6 5 7
5 3 1 2 4 5 3 6 0 7
7 1 1 2 4 5 3 6 7 0
3 2 1 2 4 5 0 6 7 3
5 3 1 2 4 0 5 6 7 3
3 1 1 2 4 3 5 6 7 0
7 1 1 2 4 3 5 6 0 7
4 1 1 2 0 3 5 6 4 7
3 1 1 2 3 0 5 6 4 7
4 3 1 2 3 4 5 6 0 7
7 1 1 2 3 4 5 6 7 0

34 0.5960636138916016

