0 0 6 4 7 3 1 5 2 0
3 1 6 4 7 0 1 5 2 3
7 1 6 4 0 7 1 5 2 3
2 1 6 4 2 7 1 5 0 3
5 1 6 4 2 7 1 0 5 3
4 1 6 0 2 7 1 4 5 3
2 1 6 2 0 7 1 4 5 3
5 1 6 2 5 7 1 4 0 3
3 1 6 2 5 7 1 4 3 0
6 3 0 2 5 7 1 4 3 6
1 1 1 2 5 7 0 4 3 6
4 1 1 2 5 7 4 0 3 6
3 1 1 2 5 7 4 3 0 6
6 1 1 2 5 7 4 3 6 0
1 3 0 2 5 7 4 3 6 1
2 1 2 0 5 7 4 3 6 1
3 1 2 3 5 7 4 0 6 1
4 1 2 3 5 7 0 4 6 1
2 1 0 3 5 7 2 4 6 1
1 3 1 3 5 7 2 4 6 0

25 0.17152881622314453

0 0 6 4 7 3 1 5 2 0
3 1 6 4 7 0 1 5 2 3
7 1 6 4 0 7 1 5 2 3
2 1 6 4 2 7 1 5 0 3
5 1 6 4 2 7 1 0 5 3
4 1 6 0 2 7 1 4 5 3
2 1 6 2 0 7 1 4 5 3
5 1 6 2 5 7 1 4 0 3
3 1 6 2 5 7 1 4 3 0
6 3 0 2 5 7 1 4 3 6
1 1 1 2 5 7 0 4 3 6
4 1 1 2 5 7 4 0 3 6
3 1 1 2 5 7 4 3 0 6
6 1 1 2 5 7 4 3 6 0
1 3 0 2 5 7 4 3 6 1
2 1 2 0 5 7 4 3 6 1
3 1 2 3 5 7 4 0 6 1
4 1 2 3 5 7 0 4 6 1
2 1 0 3 5 7 2 4 6 1
1 3 1 3 5 7 2 4 6 0

25 0.1790318489074707

0 0 6 4 7 3 1 5 2 0
3 1 6 4 7 0 1 5 2 3
7 1 6 4 0 7 1 5 2 3
2 1 6 4 2 7 1 5 0 3
5 1 6 4 2 7 1 0 5 3
4 1 6 0 2 7 1 4 5 3
2 1 6 2 0 7 1 4 5 3
5 1 6 2 5 7 1 4 0 3
3 1 6 2 5 7 1 4 3 0
6 3 0 2 5 7 1 4 3 6
1 1 1 2 5 7 0 4 3 6
4 1 1 2 5 7 4 0 3 6
3 1 1 2 5 7 4 3 0 6
6 1 1 2 5 7 4 3 6 0
1 3 0 2 5 7 4 3 6 1
2 1 2 0 5 7 4 3 6 1
3 1 2 3 5 7 4 0 6 1
4 1 2 3 5 7 0 4 6 1
2 1 0 3 5 7 2 4 6 1
1 3 1 3 5 7 2 4 6 0

25 0.19403409957885742

