0 0 0 7 2 3 4 6 1 5
4 1 4 7 2 3 0 6 1 5
5 2 4 7 2 3 5 6 1 0
3 1 4 7 2 0 5 6 1 3
4 2 0 7 2 4 5 6 1 3
7 1 7 0 2 4 5 6 1 3
2 1 7 2 0 4 5 6 1 3
1 1 7 2 1 4 5 6 0 3
3 1 7 2 1 4 5 6 3 0
4 1 7 2 1 0 5 6 3 4
1 1 7 2 0 1 5 6 3 4
3 1 7 2 3 1 5 6 0 4
4 1 7 2 3 1 5 6 4 0
7 3 0 2 3 1 5 6 4 7
1 2 1 2 3 0 5 6 4 7
4 3 1 2 3 4 5 6 0 7
7 1 1 2 3 4 5 6 7 0

23 0.03400588035583496

0 0 0 7 2 3 4 6 1 5
4 1 4 7 2 3 0 6 1 5
5 2 4 7 2 3 5 6 1 0
3 1 4 7 2 0 5 6 1 3
4 2 0 7 2 4 5 6 1 3
7 1 7 0 2 4 5 6 1 3
2 1 7 2 0 4 5 6 1 3
1 1 7 2 1 4 5 6 0 3
3 1 7 2 1 4 5 6 3 0
4 1 7 2 1 0 5 6 3 4
1 1 7 2 0 1 5 6 3 4
3 1 7 2 3 1 5 6 0 4
4 1 7 2 3 1 5 6 4 0
7 3 0 2 3 1 5 6 4 7
1 2 1 2 3 0 5 6 4 7
4 3 1 2 3 4 5 6 0 7
7 1 1 2 3 4 5 6 7 0

23 0.034389495849609375

0 0 0 7 2 3 4 6 1 5
4 1 4 7 2 3 0 6 1 5
5 2 4 7 2 3 5 6 1 0
3 1 4 7 2 0 5 6 1 3
4 2 0 7 2 4 5 6 1 3
7 1 7 0 2 4 5 6 1 3
2 1 7 2 0 4 5 6 1 3
1 1 7 2 1 4 5 6 0 3
3 1 7 2 1 4 5 6 3 0
4 1 7 2 1 0 5 6 3 4
1 1 7 2 0 1 5 6 3 4
3 1 7 2 3 1 5 6 0 4
4 1 7 2 3 1 5 6 4 0
7 3 0 2 3 1 5 6 4 7
1 2 1 2 3 0 5 6 4 7
4 3 1 2 3 4 5 6 0 7
7 1 1 2 3 4 5 6 7 0

23 0.03350424766540527

