0 0 6 2 0 7 3 5 1 4
7 1 6 2 7 0 3 5 1 4
4 1 6 2 7 4 3 5 1 0
3 2 6 2 7 4 0 5 1 3
5 1 6 2 7 4 5 0 1 3
1 1 6 2 7 4 5 1 0 3
7 1 6 2 0 4 5 1 7 3
2 1 6 0 2 4 5 1 7 3
6 1 0 6 2 4 5 1 7 3
1 3 1 6 2 4 5 0 7 3
6 1 1 0 2 4 5 6 7 3
2 1 1 2 0 4 5 6 7 3
7 1 1 2 7 4 5 6 0 3
3 1 1 2 7 4 5 6 3 0
4 1 1 2 7 0 5 6 3 4
7 1 1 2 0 7 5 6 3 4
3 1 1 2 3 7 5 6 0 4
4 1 1 2 3 7 5 6 4 0
7 1 1 2 3 0 5 6 4 7
4 3 1 2 3 4 5 6 0 7
7 1 1 2 3 4 5 6 7 0

25 0.061510562896728516

0 0 6 2 0 7 3 5 1 4
7 1 6 2 7 0 3 5 1 4
4 1 6 2 7 4 3 5 1 0
3 2 6 2 7 4 0 5 1 3
5 1 6 2 7 4 5 0 1 3
1 1 6 2 7 4 5 1 0 3
7 1 6 2 0 4 5 1 7 3
2 1 6 0 2 4 5 1 7 3
6 1 0 6 2 4 5 1 7 3
1 3 1 6 2 4 5 0 7 3
6 1 1 0 2 4 5 6 7 3
2 1 1 2 0 4 5 6 7 3
7 1 1 2 7 4 5 6 0 3
3 1 1 2 7 4 5 6 3 0
4 1 1 2 7 0 5 6 3 4
7 1 1 2 0 7 5 6 3 4
3 1 1 2 3 7 5 6 0 4
4 1 1 2 3 7 5 6 4 0
7 1 1 2 3 0 5 6 4 7
4 3 1 2 3 4 5 6 0 7
7 1 1 2 3 4 5 6 7 0

25 0.06151080131530762

0 0 6 2 0 7 3 5 1 4
7 1 6 2 7 0 3 5 1 4
4 1 6 2 7 4 3 5 1 0
3 2 6 2 7 4 0 5 1 3
5 1 6 2 7 4 5 0 1 3
1 1 6 2 7 4 5 1 0 3
7 1 6 2 0 4 5 1 7 3
2 1 6 0 2 4 5 1 7 3
6 1 0 6 2 4 5 1 7 3
1 3 1 6 2 4 5 0 7 3
6 1 1 0 2 4 5 6 7 3
2 1 1 2 0 4 5 6 7 3
7 1 1 2 7 4 5 6 0 3
3 1 1 2 7 4 5 6 3 0
4 1 1 2 7 0 5 6 3 4
7 1 1 2 0 7 5 6 3 4
3 1 1 2 3 7 5 6 0 4
4 1 1 2 3 7 5 6 4 0
7 1 1 2 3 0 5 6 4 7
4 3 1 2 3 4 5 6 0 7
7 1 1 2 3 4 5 6 7 0

25 0.06151127815246582

