0 0 1 6 5 7 2 3 4 0
1 3 0 6 5 7 2 3 4 1
6 1 6 0 5 7 2 3 4 1
3 1 6 3 5 7 2 0 4 1
4 1 6 3 5 7 2 4 0 1
1 1 6 3 5 7 2 4 1 0
6 3 0 3 5 7 2 4 1 6
7 2 7 3 5 0 2 4 1 6
1 3 7 3 5 1 2 4 0 6
6 1 7 3 5 1 2 4 6 0
1 1 7 3 5 0 2 4 6 1
7 2 0 3 5 7 2 4 6 1
1 3 1 3 5 7 2 4 6 0

22 0.03800654411315918

0 0 1 6 5 7 2 3 4 0
1 3 0 6 5 7 2 3 4 1
6 1 6 0 5 7 2 3 4 1
3 1 6 3 5 7 2 0 4 1
4 1 6 3 5 7 2 4 0 1
1 1 6 3 5 7 2 4 1 0
6 3 0 3 5 7 2 4 1 6
7 2 7 3 5 0 2 4 1 6
1 3 7 3 5 1 2 4 0 6
6 1 7 3 5 1 2 4 6 0
1 1 7 3 5 0 2 4 6 1
7 2 0 3 5 7 2 4 6 1
1 3 1 3 5 7 2 4 6 0

22 0.04700732231140137

0 0 1 6 5 7 2 3 4 0
1 3 0 6 5 7 2 3 4 1
6 1 6 0 5 7 2 3 4 1
3 1 6 3 5 7 2 0 4 1
4 1 6 3 5 7 2 4 0 1
1 1 6 3 5 7 2 4 1 0
6 3 0 3 5 7 2 4 1 6
7 2 7 3 5 0 2 4 1 6
1 3 7 3 5 1 2 4 0 6
6 1 7 3 5 1 2 4 6 0
1 1 7 3 5 0 2 4 6 1
7 2 0 3 5 7 2 4 6 1
1 3 1 3 5 7 2 4 6 0

22 0.04100680351257324

