0 0 5 0 4 1 2 7 3 6
5 1 0 5 4 1 2 7 3 6
1 2 1 5 4 0 2 7 3 6
4 1 1 5 0 4 2 7 3 6
3 1 1 5 3 4 2 7 0 6
7 1 1 5 3 4 2 0 7 6
5 1 1 0 3 4 2 5 7 6
1 1 0 1 3 4 2 5 7 6
2 1 2 1 3 4 0 5 7 6
5 1 2 1 3 4 5 0 7 6
1 1 2 0 3 4 5 1 7 6
2 1 0 2 3 4 5 1 7 6
6 3 6 2 3 4 5 1 7 0
5 2 6 2 3 4 0 1 7 5
6 1 0 2 3 4 6 1 7 5
1 3 1 2 3 4 6 0 7 5
6 1 1 2 3 4 0 6 7 5
5 2 1 2 3 4 5 6 7 0

24 0.07401275634765625

0 0 5 0 4 1 2 7 3 6
5 1 0 5 4 1 2 7 3 6
1 2 1 5 4 0 2 7 3 6
4 1 1 5 0 4 2 7 3 6
3 1 1 5 3 4 2 7 0 6
7 1 1 5 3 4 2 0 7 6
5 1 1 0 3 4 2 5 7 6
1 1 0 1 3 4 2 5 7 6
2 1 2 1 3 4 0 5 7 6
5 1 2 1 3 4 5 0 7 6
1 1 2 0 3 4 5 1 7 6
2 1 0 2 3 4 5 1 7 6
6 3 6 2 3 4 5 1 7 0
5 2 6 2 3 4 0 1 7 5
6 1 0 2 3 4 6 1 7 5
1 3 1 2 3 4 6 0 7 5
6 1 1 2 3 4 0 6 7 5
5 2 1 2 3 4 5 6 7 0

24 0.08251428604125977

0 0 5 0 4 1 2 7 3 6
5 1 0 5 4 1 2 7 3 6
1 2 1 5 4 0 2 7 3 6
4 1 1 5 0 4 2 7 3 6
3 1 1 5 3 4 2 7 0 6
7 1 1 5 3 4 2 0 7 6
5 1 1 0 3 4 2 5 7 6
1 1 0 1 3 4 2 5 7 6
2 1 2 1 3 4 0 5 7 6
5 1 2 1 3 4 5 0 7 6
1 1 2 0 3 4 5 1 7 6
2 1 0 2 3 4 5 1 7 6
6 3 6 2 3 4 5 1 7 0
5 2 6 2 3 4 0 1 7 5
6 1 0 2 3 4 6 1 7 5
1 3 1 2 3 4 6 0 7 5
6 1 1 2 3 4 0 6 7 5
5 2 1 2 3 4 5 6 7 0

24 0.07801342010498047

