0 0 6 0 5 3 2 4 1 7
6 1 0 6 5 3 2 4 1 7
3 2 3 6 5 0 2 4 1 7
7 1 3 6 5 7 2 4 1 0
1 1 3 6 5 7 2 4 0 1
5 1 3 6 0 7 2 4 5 1
6 1 3 0 6 7 2 4 5 1
3 1 0 3 6 7 2 4 5 1
1 3 1 3 6 7 2 4 5 0
7 1 1 3 6 0 2 4 5 7
6 1 1 3 0 6 2 4 5 7
5 1 1 3 5 6 2 4 0 7
7 1 1 3 5 6 2 4 7 0
6 1 1 3 5 0 2 4 7 6
7 3 1 3 5 7 2 4 0 6
6 1 1 3 5 7 2 4 6 0

20 0.04900836944580078

0 0 6 0 5 3 2 4 1 7
6 1 0 6 5 3 2 4 1 7
3 2 3 6 5 0 2 4 1 7
7 1 3 6 5 7 2 4 1 0
1 1 3 6 5 7 2 4 0 1
5 1 3 6 0 7 2 4 5 1
6 1 3 0 6 7 2 4 5 1
3 1 0 3 6 7 2 4 5 1
1 3 1 3 6 7 2 4 5 0
7 1 1 3 6 0 2 4 5 7
6 1 1 3 0 6 2 4 5 7
5 1 1 3 5 6 2 4 0 7
7 1 1 3 5 6 2 4 7 0
6 1 1 3 5 0 2 4 7 6
7 3 1 3 5 7 2 4 0 6
6 1 1 3 5 7 2 4 6 0

20 0.0530092716217041

0 0 6 0 5 3 2 4 1 7
6 1 0 6 5 3 2 4 1 7
3 2 3 6 5 0 2 4 1 7
7 1 3 6 5 7 2 4 1 0
1 1 3 6 5 7 2 4 0 1
5 1 3 6 0 7 2 4 5 1
6 1 3 0 6 7 2 4 5 1
3 1 0 3 6 7 2 4 5 1
1 3 1 3 6 7 2 4 5 0
7 1 1 3 6 0 2 4 5 7
6 1 1 3 0 6 2 4 5 7
5 1 1 3 5 6 2 4 0 7
7 1 1 3 5 6 2 4 7 0
6 1 1 3 5 0 2 4 7 6
7 3 1 3 5 7 2 4 0 6
6 1 1 3 5 7 2 4 6 0

20 0.04700827598571777

