0 0 6 0 1 5 2 4 7 3
1 1 6 1 0 5 2 4 7 3
5 1 6 1 5 0 2 4 7 3
7 3 6 1 5 7 2 4 0 3
3 1 6 1 5 7 2 4 3 0
6 3 0 1 5 7 2 4 3 6
1 1 1 0 5 7 2 4 3 6
4 1 1 4 5 7 2 0 3 6
3 1 1 4 5 7 2 3 0 6
6 1 1 4 5 7 2 3 6 0
1 3 0 4 5 7 2 3 6 1
3 3 3 4 5 7 2 0 6 1
4 1 3 0 5 7 2 4 6 1
3 1 0 3 5 7 2 4 6 1
1 3 1 3 5 7 2 4 6 0

24 0.025504112243652344

0 0 6 0 1 5 2 4 7 3
1 1 6 1 0 5 2 4 7 3
5 1 6 1 5 0 2 4 7 3
7 3 6 1 5 7 2 4 0 3
3 1 6 1 5 7 2 4 3 0
6 3 0 1 5 7 2 4 3 6
1 1 1 0 5 7 2 4 3 6
4 1 1 4 5 7 2 0 3 6
3 1 1 4 5 7 2 3 0 6
6 1 1 4 5 7 2 3 6 0
1 3 0 4 5 7 2 3 6 1
3 3 3 4 5 7 2 0 6 1
4 1 3 0 5 7 2 4 6 1
3 1 0 3 5 7 2 4 6 1
1 3 1 3 5 7 2 4 6 0

24 0.026004791259765625

0 0 6 0 1 5 2 4 7 3
1 1 6 1 0 5 2 4 7 3
5 1 6 1 5 0 2 4 7 3
7 3 6 1 5 7 2 4 0 3
3 1 6 1 5 7 2 4 3 0
6 3 0 1 5 7 2 4 3 6
1 1 1 0 5 7 2 4 3 6
4 1 1 4 5 7 2 0 3 6
3 1 1 4 5 7 2 3 0 6
6 1 1 4 5 7 2 3 6 0
1 3 0 4 5 7 2 3 6 1
3 3 3 4 5 7 2 0 6 1
4 1 3 0 5 7 2 4 6 1
3 1 0 3 5 7 2 4 6 1
1 3 1 3 5 7 2 4 6 0

24 0.025504112243652344

