0 0 0 3 1 4 6 5 7 2
6 1 6 3 1 4 0 5 7 2
5 1 6 3 1 4 5 0 7 2
3 1 6 0 1 4 5 3 7 2
6 1 0 6 1 4 5 3 7 2
3 3 3 6 1 4 5 0 7 2
6 1 3 0 1 4 5 6 7 2
3 1 0 3 1 4 5 6 7 2
2 3 2 3 1 4 5 6 7 0
4 1 2 3 1 0 5 6 7 4
1 1 2 3 0 1 5 6 7 4
3 1 2 0 3 1 5 6 7 4
2 1 0 2 3 1 5 6 7 4
1 2 1 2 3 0 5 6 7 4
4 1 1 2 3 4 5 6 7 0

19 0.05350899696350098

0 0 0 3 1 4 6 5 7 2
6 1 6 3 1 4 0 5 7 2
5 1 6 3 1 4 5 0 7 2
3 1 6 0 1 4 5 3 7 2
6 1 0 6 1 4 5 3 7 2
3 3 3 6 1 4 5 0 7 2
6 1 3 0 1 4 5 6 7 2
3 1 0 3 1 4 5 6 7 2
2 3 2 3 1 4 5 6 7 0
4 1 2 3 1 0 5 6 7 4
1 1 2 3 0 1 5 6 7 4
3 1 2 0 3 1 5 6 7 4
2 1 0 2 3 1 5 6 7 4
1 2 1 2 3 0 5 6 7 4
4 1 1 2 3 4 5 6 7 0

19 0.05400872230529785

0 0 0 3 1 4 6 5 7 2
6 1 6 3 1 4 0 5 7 2
5 1 6 3 1 4 5 0 7 2
3 1 6 0 1 4 5 3 7 2
6 1 0 6 1 4 5 3 7 2
3 3 3 6 1 4 5 0 7 2
6 1 3 0 1 4 5 6 7 2
3 1 0 3 1 4 5 6 7 2
2 3 2 3 1 4 5 6 7 0
4 1 2 3 1 0 5 6 7 4
1 1 2 3 0 1 5 6 7 4
3 1 2 0 3 1 5 6 7 4
2 1 0 2 3 1 5 6 7 4
1 2 1 2 3 0 5 6 7 4
4 1 1 2 3 4 5 6 7 0

19 0.05250835418701172

