0 0 1 7 4 2 5 6 0 3
4 1 1 7 0 2 5 6 4 3
2 1 1 7 2 0 5 6 4 3
4 3 1 7 2 4 5 6 0 3
3 1 1 7 2 4 5 6 3 0
1 3 0 7 2 4 5 6 3 1
7 1 7 0 2 4 5 6 3 1
2 1 7 2 0 4 5 6 3 1
3 1 7 2 3 4 5 6 0 1
1 1 7 2 3 4 5 6 1 0
7 3 0 2 3 4 5 6 1 7
4 2 4 2 3 0 5 6 1 7
1 3 4 2 3 1 5 6 0 7
7 1 4 2 3 1 5 6 7 0
1 1 4 2 3 0 5 6 7 1
4 2 0 2 3 4 5 6 7 1
1 3 1 2 3 4 5 6 7 0

28 0.13102364540100098

0 0 1 7 4 2 5 6 0 3
4 1 1 7 0 2 5 6 4 3
2 1 1 7 2 0 5 6 4 3
4 3 1 7 2 4 5 6 0 3
3 1 1 7 2 4 5 6 3 0
1 3 0 7 2 4 5 6 3 1
7 1 7 0 2 4 5 6 3 1
2 1 7 2 0 4 5 6 3 1
3 1 7 2 3 4 5 6 0 1
1 1 7 2 3 4 5 6 1 0
7 3 0 2 3 4 5 6 1 7
4 2 4 2 3 0 5 6 1 7
1 3 4 2 3 1 5 6 0 7
7 1 4 2 3 1 5 6 7 0
1 1 4 2 3 0 5 6 7 1
4 2 0 2 3 4 5 6 7 1
1 3 1 2 3 4 5 6 7 0

28 0.1345231533050537

0 0 1 7 4 2 5 6 0 3
4 1 1 7 0 2 5 6 4 3
2 1 1 7 2 0 5 6 4 3
4 3 1 7 2 4 5 6 0 3
3 1 1 7 2 4 5 6 3 0
1 3 0 7 2 4 5 6 3 1
7 1 7 0 2 4 5 6 3 1
2 1 7 2 0 4 5 6 3 1
3 1 7 2 3 4 5 6 0 1
1 1 7 2 3 4 5 6 1 0
7 3 0 2 3 4 5 6 1 7
4 2 4 2 3 0 5 6 1 7
1 3 4 2 3 1 5 6 0 7
7 1 4 2 3 1 5 6 7 0
1 1 4 2 3 0 5 6 7 1
4 2 0 2 3 4 5 6 7 1
1 3 1 2 3 4 5 6 7 0

28 0.14302325248718262

