0 0 7 4 3 0 6 2 1 5
6 3 7 4 3 6 0 2 1 5
5 2 7 4 3 6 5 2 1 0
7 3 0 4 3 6 5 2 1 7
4 1 4 0 3 6 5 2 1 7
2 1 4 2 3 6 5 0 1 7
1 1 4 2 3 6 5 1 0 7
7 1 4 2 3 6 5 1 7 0
6 1 4 2 3 0 5 1 7 6
4 2 0 2 3 4 5 1 7 6
6 3 6 2 3 4 5 1 7 0
5 2 6 2 3 4 0 1 7 5
6 1 0 2 3 4 6 1 7 5
1 3 1 2 3 4 6 0 7 5
6 1 1 2 3 4 0 6 7 5
5 2 1 2 3 4 5 6 7 0

27 0.06351017951965332

0 0 7 4 3 0 6 2 1 5
6 3 7 4 3 6 0 2 1 5
5 2 7 4 3 6 5 2 1 0
7 3 0 4 3 6 5 2 1 7
4 1 4 0 3 6 5 2 1 7
2 1 4 2 3 6 5 0 1 7
1 1 4 2 3 6 5 1 0 7
7 1 4 2 3 6 5 1 7 0
6 1 4 2 3 0 5 1 7 6
4 2 0 2 3 4 5 1 7 6
6 3 6 2 3 4 5 1 7 0
5 2 6 2 3 4 0 1 7 5
6 1 0 2 3 4 6 1 7 5
1 3 1 2 3 4 6 0 7 5
6 1 1 2 3 4 0 6 7 5
5 2 1 2 3 4 5 6 7 0

27 0.07701373100280762

0 0 7 4 3 0 6 2 1 5
6 3 7 4 3 6 0 2 1 5
5 2 7 4 3 6 5 2 1 0
7 3 0 4 3 6 5 2 1 7
4 1 4 0 3 6 5 2 1 7
2 1 4 2 3 6 5 0 1 7
1 1 4 2 3 6 5 1 0 7
7 1 4 2 3 6 5 1 7 0
6 1 4 2 3 0 5 1 7 6
4 2 0 2 3 4 5 1 7 6
6 3 6 2 3 4 5 1 7 0
5 2 6 2 3 4 0 1 7 5
6 1 0 2 3 4 6 1 7 5
1 3 1 2 3 4 6 0 7 5
6 1 1 2 3 4 0 6 7 5
5 2 1 2 3 4 5 6 7 0

27 0.06751322746276855

