0 0 0 3 7 6 2 5 1 4
6 2 6 3 7 0 2 5 1 4
7 1 6 3 0 7 2 5 1 4
1 1 6 3 1 7 2 5 0 4
4 1 6 3 1 7 2 5 4 0
6 3 0 3 1 7 2 5 4 6
5 3 5 3 1 7 2 0 4 6
4 1 5 3 1 7 2 4 0 6
1 1 5 3 0 7 2 4 1 6
7 1 5 3 7 0 2 4 1 6
1 3 5 3 7 1 2 4 0 6
6 1 5 3 7 1 2 4 6 0
5 3 0 3 7 1 2 4 6 5
1 2 1 3 7 0 2 4 6 5
5 1 1 3 7 5 2 4 6 0
6 1 1 3 7 5 2 4 0 6
7 1 1 3 0 5 2 4 7 6
5 1 1 3 5 0 2 4 7 6
7 3 1 3 5 7 2 4 0 6
6 1 1 3 5 7 2 4 6 0

31 0.14352893829345703

0 0 0 3 7 6 2 5 1 4
6 2 6 3 7 0 2 5 1 4
7 1 6 3 0 7 2 5 1 4
1 1 6 3 1 7 2 5 0 4
4 1 6 3 1 7 2 5 4 0
6 3 0 3 1 7 2 5 4 6
5 3 5 3 1 7 2 0 4 6
4 1 5 3 1 7 2 4 0 6
1 1 5 3 0 7 2 4 1 6
7 1 5 3 7 0 2 4 1 6
1 3 5 3 7 1 2 4 0 6
6 1 5 3 7 1 2 4 6 0
5 3 0 3 7 1 2 4 6 5
1 2 1 3 7 0 2 4 6 5
5 1 1 3 7 5 2 4 6 0
6 1 1 3 7 5 2 4 0 6
7 1 1 3 0 5 2 4 7 6
5 1 1 3 5 0 2 4 7 6
7 3 1 3 5 7 2 4 0 6
6 1 1 3 5 7 2 4 6 0

31 0.1570274829864502

0 0 0 3 7 6 2 5 1 4
6 2 6 3 7 0 2 5 1 4
7 1 6 3 0 7 2 5 1 4
1 1 6 3 1 7 2 5 0 4
4 1 6 3 1 7 2 5 4 0
6 3 0 3 1 7 2 5 4 6
5 3 5 3 1 7 2 0 4 6
4 1 5 3 1 7 2 4 0 6
1 1 5 3 0 7 2 4 1 6
7 1 5 3 7 0 2 4 1 6
1 3 5 3 7 1 2 4 0 6
6 1 5 3 7 1 2 4 6 0
5 3 0 3 7 1 2 4 6 5
1 2 1 3 7 0 2 4 6 5
5 1 1 3 7 5 2 4 6 0
6 1 1 3 7 5 2 4 0 6
7 1 1 3 0 5 2 4 7 6
5 1 1 3 5 0 2 4 7 6
7 3 1 3 5 7 2 4 0 6
6 1 1 3 5 7 2 4 6 0

31 0.1460251808166504

