0 0 4 2 5 3 1 0 6 7
6 1 4 2 5 3 1 6 0 7
7 1 4 2 5 3 1 6 7 0
3 1 4 2 5 0 1 6 7 3
4 2 0 2 5 4 1 6 7 3
1 1 1 2 5 4 0 6 7 3
4 3 1 2 5 0 4 6 7 3
3 1 1 2 5 3 4 6 7 0
7 1 1 2 5 3 4 6 0 7
5 1 1 2 0 3 4 6 5 7
3 1 1 2 3 0 4 6 5 7
5 3 1 2 3 5 4 6 0 7
7 1 1 2 3 5 4 6 7 0
5 1 1 2 3 0 4 6 7 5
4 3 1 2 3 4 0 6 7 5
5 2 1 2 3 4 5 6 7 0

23 0.27904844284057617

0 0 4 2 5 3 1 0 6 7
6 1 4 2 5 3 1 6 0 7
7 1 4 2 5 3 1 6 7 0
3 1 4 2 5 0 1 6 7 3
4 2 0 2 5 4 1 6 7 3
1 1 1 2 5 4 0 6 7 3
4 3 1 2 5 0 4 6 7 3
3 1 1 2 5 3 4 6 7 0
7 1 1 2 5 3 4 6 0 7
5 1 1 2 0 3 4 6 5 7
3 1 1 2 3 0 4 6 5 7
5 3 1 2 3 5 4 6 0 7
7 1 1 2 3 5 4 6 7 0
5 1 1 2 3 0 4 6 7 5
4 3 1 2 3 4 0 6 7 5
5 2 1 2 3 4 5 6 7 0

23 0.2965512275695801

0 0 4 2 5 3 1 0 6 7
6 1 4 2 5 3 1 6 0 7
7 1 4 2 5 3 1 6 7 0
3 1 4 2 5 0 1 6 7 3
4 2 0 2 5 4 1 6 7 3
1 1 1 2 5 4 0 6 7 3
4 3 1 2 5 0 4 6 7 3
3 1 1 2 5 3 4 6 7 0
7 1 1 2 5 3 4 6 0 7
5 1 1 2 0 3 4 6 5 7
3 1 1 2 3 0 4 6 5 7
5 3 1 2 3 5 4 6 0 7
7 1 1 2 3 5 4 6 7 0
5 1 1 2 3 0 4 6 7 5
4 3 1 2 3 4 0 6 7 5
5 2 1 2 3 4 5 6 7 0

23 0.2965521812438965

