0 0 1 3 7 6 5 0 2 4
2 1 1 3 7 6 5 2 0 4
7 1 1 3 0 6 5 2 7 4
3 1 1 0 3 6 5 2 7 4
2 1 1 2 3 6 5 0 7 4
5 1 1 2 3 6 0 5 7 4
6 3 1 2 3 0 6 5 7 4
4 1 1 2 3 4 6 5 7 0
1 3 0 2 3 4 6 5 7 1
5 3 5 2 3 4 6 0 7 1
6 1 5 2 3 4 0 6 7 1
5 1 0 2 3 4 5 6 7 1
1 3 1 2 3 4 5 6 7 0

20 0.03850603103637695

0 0 1 3 7 6 5 0 2 4
2 1 1 3 7 6 5 2 0 4
7 1 1 3 0 6 5 2 7 4
3 1 1 0 3 6 5 2 7 4
2 1 1 2 3 6 5 0 7 4
5 1 1 2 3 6 0 5 7 4
6 3 1 2 3 0 6 5 7 4
4 1 1 2 3 4 6 5 7 0
1 3 0 2 3 4 6 5 7 1
5 3 5 2 3 4 6 0 7 1
6 1 5 2 3 4 0 6 7 1
5 1 0 2 3 4 5 6 7 1
1 3 1 2 3 4 5 6 7 0

20 0.03950667381286621

0 0 1 3 7 6 5 0 2 4
2 1 1 3 7 6 5 2 0 4
7 1 1 3 0 6 5 2 7 4
3 1 1 0 3 6 5 2 7 4
2 1 1 2 3 6 5 0 7 4
5 1 1 2 3 6 0 5 7 4
6 3 1 2 3 0 6 5 7 4
4 1 1 2 3 4 6 5 7 0
1 3 0 2 3 4 6 5 7 1
5 3 5 2 3 4 6 0 7 1
6 1 5 2 3 4 0 6 7 1
5 1 0 2 3 4 5 6 7 1
1 3 1 2 3 4 5 6 7 0

20 0.046507835388183594

