0 0 6 0 3 7 2 1 4 5
3 1 6 3 0 7 2 1 4 5
4 1 6 3 4 7 2 1 0 5
5 1 6 3 4 7 2 1 5 0
6 3 0 3 4 7 2 1 5 6
1 3 1 3 4 7 2 0 5 6
3 1 1 0 4 7 2 3 5 6
4 1 1 4 0 7 2 3 5 6
5 1 1 4 5 7 2 3 0 6
6 1 1 4 5 7 2 3 6 0
1 3 0 4 5 7 2 3 6 1
3 3 3 4 5 7 2 0 6 1
4 1 3 0 5 7 2 4 6 1
3 1 0 3 5 7 2 4 6 1
1 3 1 3 5 7 2 4 6 0

24 0.06050992012023926

0 0 6 0 3 7 2 1 4 5
3 1 6 3 0 7 2 1 4 5
4 1 6 3 4 7 2 1 0 5
5 1 6 3 4 7 2 1 5 0
6 3 0 3 4 7 2 1 5 6
1 3 1 3 4 7 2 0 5 6
3 1 1 0 4 7 2 3 5 6
4 1 1 4 0 7 2 3 5 6
5 1 1 4 5 7 2 3 0 6
6 1 1 4 5 7 2 3 6 0
1 3 0 4 5 7 2 3 6 1
3 3 3 4 5 7 2 0 6 1
4 1 3 0 5 7 2 4 6 1
3 1 0 3 5 7 2 4 6 1
1 3 1 3 5 7 2 4 6 0

24 0.07101273536682129

0 0 6 0 3 7 2 1 4 5
3 1 6 3 0 7 2 1 4 5
4 1 6 3 4 7 2 1 0 5
5 1 6 3 4 7 2 1 5 0
6 3 0 3 4 7 2 1 5 6
1 3 1 3 4 7 2 0 5 6
3 1 1 0 4 7 2 3 5 6
4 1 1 4 0 7 2 3 5 6
5 1 1 4 5 7 2 3 0 6
6 1 1 4 5 7 2 3 6 0
1 3 0 4 5 7 2 3 6 1
3 3 3 4 5 7 2 0 6 1
4 1 3 0 5 7 2 4 6 1
3 1 0 3 5 7 2 4 6 1
1 3 1 3 5 7 2 4 6 0

24 0.05900979042053223

