0 0 4 3 5 0 7 2 1 6
7 3 4 3 5 7 0 2 1 6
2 1 4 3 5 7 2 0 1 6
1 1 4 3 5 7 2 1 0 6
6 1 4 3 5 7 2 1 6 0
2 2 4 3 5 7 0 1 6 2
4 1 0 3 5 7 4 1 6 2
1 3 1 3 5 7 4 0 6 2
4 1 1 3 5 7 0 4 6 2
2 2 1 3 5 7 2 4 6 0

15 0.033504486083984375

0 0 4 3 5 0 7 2 1 6
7 3 4 3 5 7 0 2 1 6
2 1 4 3 5 7 2 0 1 6
1 1 4 3 5 7 2 1 0 6
6 1 4 3 5 7 2 1 6 0
2 2 4 3 5 7 0 1 6 2
4 1 0 3 5 7 4 1 6 2
1 3 1 3 5 7 4 0 6 2
4 1 1 3 5 7 0 4 6 2
2 2 1 3 5 7 2 4 6 0

15 0.03400611877441406

0 0 4 3 5 0 7 2 1 6
7 3 4 3 5 7 0 2 1 6
2 1 4 3 5 7 2 0 1 6
1 1 4 3 5 7 2 1 0 6
6 1 4 3 5 7 2 1 6 0
2 2 4 3 5 7 0 1 6 2
4 1 0 3 5 7 4 1 6 2
1 3 1 3 5 7 4 0 6 2
4 1 1 3 5 7 0 4 6 2
2 2 1 3 5 7 2 4 6 0

15 0.03400611877441406

