0 0 2 4 1 7 0 5 6 3
2 1 0 4 1 7 2 5 6 3
5 3 5 4 1 7 2 0 6 3
4 1 5 0 1 7 2 4 6 3
5 1 0 5 1 7 2 4 6 3
3 3 3 5 1 7 2 4 6 0
7 1 3 5 1 0 2 4 6 7
1 1 3 5 0 1 2 4 6 7
5 1 3 0 5 1 2 4 6 7
3 1 0 3 5 1 2 4 6 7
1 2 1 3 5 0 2 4 6 7
7 1 1 3 5 7 2 4 6 0

16 0.051508188247680664

0 0 2 4 1 7 0 5 6 3
2 1 0 4 1 7 2 5 6 3
5 3 5 4 1 7 2 0 6 3
4 1 5 0 1 7 2 4 6 3
5 1 0 5 1 7 2 4 6 3
3 3 3 5 1 7 2 4 6 0
7 1 3 5 1 0 2 4 6 7
1 1 3 5 0 1 2 4 6 7
5 1 3 0 5 1 2 4 6 7
3 1 0 3 5 1 2 4 6 7
1 2 1 3 5 0 2 4 6 7
7 1 1 3 5 7 2 4 6 0

16 0.061010122299194336

0 0 2 4 1 7 0 5 6 3
2 1 0 4 1 7 2 5 6 3
5 3 5 4 1 7 2 0 6 3
4 1 5 0 1 7 2 4 6 3
5 1 0 5 1 7 2 4 6 3
3 3 3 5 1 7 2 4 6 0
7 1 3 5 1 0 2 4 6 7
1 1 3 5 0 1 2 4 6 7
5 1 3 0 5 1 2 4 6 7
3 1 0 3 5 1 2 4 6 7
1 2 1 3 5 0 2 4 6 7
7 1 1 3 5 7 2 4 6 0

16 0.05850934982299805

