no solution0 0 3 7 1 0 6 2 8 4 5
6 1 3 7 1 6 0 2 8 4 5
4 1 3 7 1 6 4 2 8 0 5
5 1 3 7 1 6 4 2 8 5 0
8 2 3 7 1 6 4 2 0 5 8
6 1 3 7 1 0 4 2 6 5 8
3 1 0 7 1 3 4 2 6 5 8
1 2 1 7 0 3 4 2 6 5 8
7 1 1 0 7 3 4 2 6 5 8
4 1 1 4 7 3 0 2 6 5 8
5 1 1 4 7 3 5 2 6 0 8
6 1 1 4 7 3 5 2 0 6 8
3 1 1 4 7 0 5 2 3 6 8
2 2 1 4 7 2 5 0 3 6 8
8 1 1 4 7 2 5 8 3 6 0

17 1.1967082023620605

0 0 1 3 4 5 6 7 2 0
6 2 1 3 4 5 0 7 2 6
7 1 1 3 4 5 7 0 2 6
2 1 1 3 4 5 7 2 0 6
4 1 1 3 0 5 7 2 4 6
5 1 1 3 5 0 7 2 4 6
7 3 1 3 5 7 0 2 4 6
2 1 1 3 5 7 2 0 4 6
4 1 1 3 5 7 2 4 0 6
6 1 1 3 5 7 2 4 6 0

12 0.11652016639709473

