0 0 0 1 3 4 2 6 7 5
2 1 2 1 3 4 0 6 7 5
6 1 2 1 3 4 6 0 7 5
1 1 2 0 3 4 6 1 7 5
2 1 0 2 3 4 6 1 7 5
1 3 1 2 3 4 6 0 7 5
6 1 1 2 3 4 0 6 7 5
5 2 1 2 3 4 5 6 7 0

10 0.11401867866516113

0 0 0 1 3 4 2 6 7 5
2 1 2 1 3 4 0 6 7 5
6 1 2 1 3 4 6 0 7 5
1 1 2 0 3 4 6 1 7 5
2 1 0 2 3 4 6 1 7 5
1 3 1 2 3 4 6 0 7 5
6 1 1 2 3 4 0 6 7 5
5 2 1 2 3 4 5 6 7 0

10 0.19153285026550293

0 0 0 1 3 4 2 6 7 5
2 1 2 1 3 4 0 6 7 5
6 1 2 1 3 4 6 0 7 5
1 1 2 0 3 4 6 1 7 5
2 1 0 2 3 4 6 1 7 5
1 3 1 2 3 4 6 0 7 5
6 1 1 2 3 4 0 6 7 5
5 2 1 2 3 4 5 6 7 0

10 12.083105564117432

0 0 0 1 3 4 2 6 7 5
2 1 2 1 3 4 0 6 7 5
6 1 2 1 3 4 6 0 7 5
1 1 2 0 3 4 6 1 7 5
2 1 0 2 3 4 6 1 7 5
1 3 1 2 3 4 6 0 7 5
6 1 1 2 3 4 0 6 7 5
5 2 1 2 3 4 5 6 7 0

10 0.11401844024658203

