0 0 5 7 1 0 2 3 4 6
1 1 5 7 0 1 2 3 4 6
7 1 5 0 7 1 2 3 4 6
5 1 0 5 7 1 2 3 4 6
1 2 1 5 7 0 2 3 4 6
7 1 1 5 0 7 2 3 4 6
5 1 1 0 5 7 2 3 4 6
3 1 1 3 5 7 2 0 4 6
4 1 1 3 5 7 2 4 0 6
6 1 1 3 5 7 2 4 6 0

10 0.010000467300415039

0 0 5 7 1 0 2 3 4 6
1 1 5 7 0 1 2 3 4 6
7 1 5 0 7 1 2 3 4 6
5 1 0 5 7 1 2 3 4 6
1 2 1 5 7 0 2 3 4 6
7 1 1 5 0 7 2 3 4 6
5 1 1 0 5 7 2 3 4 6
3 1 1 3 5 7 2 0 4 6
4 1 1 3 5 7 2 4 0 6
6 1 1 3 5 7 2 4 6 0

10 0.062011003494262695

0 0 5 7 1 0 2 3 4 6
1 1 5 7 0 1 2 3 4 6
7 1 5 0 7 1 2 3 4 6
5 1 0 5 7 1 2 3 4 6
1 2 1 5 7 0 2 3 4 6
7 1 1 5 0 7 2 3 4 6
5 1 1 0 5 7 2 3 4 6
3 1 1 3 5 7 2 0 4 6
4 1 1 3 5 7 2 4 0 6
6 1 1 3 5 7 2 4 6 0

10 19.874464750289917

0 0 5 7 1 0 2 3 4 6
1 1 5 7 0 1 2 3 4 6
7 1 5 0 7 1 2 3 4 6
5 1 0 5 7 1 2 3 4 6
1 2 1 5 7 0 2 3 4 6
7 1 1 5 0 7 2 3 4 6
5 1 1 0 5 7 2 3 4 6
3 1 1 3 5 7 2 0 4 6
4 1 1 3 5 7 2 4 0 6
6 1 1 3 5 7 2 4 6 0

10 0.010000944137573242

