0 0 5 6 3 1 0 2 7 4
5 1 0 6 3 1 5 2 7 4
2 3 2 6 3 1 5 0 7 4
6 1 2 0 3 1 5 6 7 4
2 1 0 2 3 1 5 6 7 4
1 2 1 2 3 0 5 6 7 4
4 1 1 2 3 4 5 6 7 0

9 0.02250385284423828

0 0 5 6 3 1 0 2 7 4
5 1 0 6 3 1 5 2 7 4
2 3 2 6 3 1 5 0 7 4
6 1 2 0 3 1 5 6 7 4
2 1 0 2 3 1 5 6 7 4
1 2 1 2 3 0 5 6 7 4
4 1 1 2 3 4 5 6 7 0

9 0.052008867263793945

0 0 5 6 3 1 0 2 7 4
5 1 0 6 3 1 5 2 7 4
2 3 2 6 3 1 5 0 7 4
6 1 2 0 3 1 5 6 7 4
2 1 0 2 3 1 5 6 7 4
1 2 1 2 3 0 5 6 7 4
4 1 1 2 3 4 5 6 7 0

9 5.5229620933532715

0 0 5 6 3 1 0 2 7 4
5 1 0 6 3 1 5 2 7 4
2 3 2 6 3 1 5 0 7 4
6 1 2 0 3 1 5 6 7 4
2 1 0 2 3 1 5 6 7 4
1 2 1 2 3 0 5 6 7 4
4 1 1 2 3 4 5 6 7 0

9 0.022504091262817383

