0 0 2 6 0 3 1 7 5 4
3 1 2 6 3 0 1 7 5 4
4 1 2 6 3 4 1 7 5 0
5 1 2 6 3 4 1 7 0 5
7 1 2 6 3 4 1 0 7 5
6 1 2 0 3 4 1 6 7 5
2 1 0 2 3 4 1 6 7 5
1 1 1 2 3 4 0 6 7 5
5 2 1 2 3 4 5 6 7 0

9 0.01600193977355957

0 0 2 6 0 3 1 7 5 4
3 1 2 6 3 0 1 7 5 4
4 1 2 6 3 4 1 7 5 0
5 1 2 6 3 4 1 7 0 5
7 1 2 6 3 4 1 0 7 5
6 1 2 0 3 4 1 6 7 5
2 1 0 2 3 4 1 6 7 5
1 1 1 2 3 4 0 6 7 5
5 2 1 2 3 4 5 6 7 0

9 0.02400374412536621

0 0 2 6 0 3 1 7 5 4
3 1 2 6 3 0 1 7 5 4
4 1 2 6 3 4 1 7 5 0
5 1 2 6 3 4 1 7 0 5
7 1 2 6 3 4 1 0 7 5
6 1 2 0 3 4 1 6 7 5
2 1 0 2 3 4 1 6 7 5
1 1 1 2 3 4 0 6 7 5
5 2 1 2 3 4 5 6 7 0

9 5.368435621261597

0 0 2 6 0 3 1 7 5 4
3 1 2 6 3 0 1 7 5 4
4 1 2 6 3 4 1 7 5 0
5 1 2 6 3 4 1 7 0 5
7 1 2 6 3 4 1 0 7 5
6 1 2 0 3 4 1 6 7 5
2 1 0 2 3 4 1 6 7 5
1 1 1 2 3 4 0 6 7 5
5 2 1 2 3 4 5 6 7 0

9 0.016004562377929688

