0 0 3 7 5 2 1 4 6 0
6 1 3 7 5 2 1 4 0 6
5 1 3 7 0 2 1 4 5 6
7 1 3 0 7 2 1 4 5 6
3 1 0 3 7 2 1 4 5 6
1 1 1 3 7 2 0 4 5 6
2 3 1 3 7 0 2 4 5 6
7 1 1 3 0 7 2 4 5 6
5 1 1 3 5 7 2 4 0 6
6 1 1 3 5 7 2 4 6 0

11 0.0375063419342041

0 0 3 7 5 2 1 4 6 0
6 1 3 7 5 2 1 4 0 6
5 1 3 7 0 2 1 4 5 6
7 1 3 0 7 2 1 4 5 6
3 1 0 3 7 2 1 4 5 6
1 1 1 3 7 2 0 4 5 6
2 3 1 3 7 0 2 4 5 6
7 1 1 3 0 7 2 4 5 6
5 1 1 3 5 7 2 4 0 6
6 1 1 3 5 7 2 4 6 0

11 0.29555201530456543

0 0 3 7 5 2 1 4 6 0
6 1 3 7 5 2 1 4 0 6
5 1 3 7 0 2 1 4 5 6
7 1 3 0 7 2 1 4 5 6
3 1 0 3 7 2 1 4 5 6
1 1 1 3 7 2 0 4 5 6
2 3 1 3 7 0 2 4 5 6
7 1 1 3 0 7 2 4 5 6
5 1 1 3 5 7 2 4 0 6
6 1 1 3 5 7 2 4 6 0

11 55.42466354370117

0 0 3 7 5 2 1 4 6 0
6 1 3 7 5 2 1 4 0 6
5 1 3 7 0 2 1 4 5 6
7 1 3 0 7 2 1 4 5 6
3 1 0 3 7 2 1 4 5 6
1 1 1 3 7 2 0 4 5 6
2 3 1 3 7 0 2 4 5 6
7 1 1 3 0 7 2 4 5 6
5 1 1 3 5 7 2 4 0 6
6 1 1 3 5 7 2 4 6 0

11 0.04050779342651367

