0 0 1 6 2 3 7 5 4 0
7 2 1 6 2 3 0 5 4 7
5 1 1 6 2 3 5 0 4 7
6 1 1 0 2 3 5 6 4 7
2 1 1 2 0 3 5 6 4 7
3 1 1 2 3 0 5 6 4 7
4 3 1 2 3 4 5 6 0 7
7 1 1 2 3 4 5 6 7 0

10 0.014002561569213867

0 0 1 6 2 3 7 5 4 0
7 2 1 6 2 3 0 5 4 7
5 1 1 6 2 3 5 0 4 7
6 1 1 0 2 3 5 6 4 7
2 1 1 2 0 3 5 6 4 7
3 1 1 2 3 0 5 6 4 7
4 3 1 2 3 4 5 6 0 7
7 1 1 2 3 4 5 6 7 0

10 0.06651139259338379

0 0 1 6 2 3 7 5 4 0
7 2 1 6 2 3 0 5 4 7
5 1 1 6 2 3 5 0 4 7
6 1 1 0 2 3 5 6 4 7
2 1 1 2 0 3 5 6 4 7
3 1 1 2 3 0 5 6 4 7
4 3 1 2 3 4 5 6 0 7
7 1 1 2 3 4 5 6 7 0

10 17.097981452941895

0 0 1 6 2 3 7 5 4 0
7 2 1 6 2 3 0 5 4 7
5 1 1 6 2 3 5 0 4 7
6 1 1 0 2 3 5 6 4 7
2 1 1 2 0 3 5 6 4 7
3 1 1 2 3 0 5 6 4 7
4 3 1 2 3 4 5 6 0 7
7 1 1 2 3 4 5 6 7 0

10 0.013502120971679688

