0 0 0 3 1 4 6 5 7 2
6 1 6 3 1 4 0 5 7 2
2 2 6 3 1 4 2 5 7 0
4 1 6 3 1 0 2 5 7 4
1 1 6 3 0 1 2 5 7 4
3 1 6 0 3 1 2 5 7 4
6 1 0 6 3 1 2 5 7 4
2 1 2 6 3 1 0 5 7 4
5 1 2 6 3 1 5 0 7 4
6 1 2 0 3 1 5 6 7 4
2 1 0 2 3 1 5 6 7 4
1 2 1 2 3 0 5 6 7 4
4 1 1 2 3 4 5 6 7 0

14 0.5520341396331787

0 0 0 3 1 4 6 5 7 2
6 1 6 3 1 4 0 5 7 2
2 2 6 3 1 4 2 5 7 0
4 1 6 3 1 0 2 5 7 4
1 1 6 3 0 1 2 5 7 4
3 1 6 0 3 1 2 5 7 4
6 1 0 6 3 1 2 5 7 4
2 1 2 6 3 1 0 5 7 4
5 1 2 6 3 1 5 0 7 4
6 1 2 0 3 1 5 6 7 4
2 1 0 2 3 1 5 6 7 4
1 2 1 2 3 0 5 6 7 4
4 1 1 2 3 4 5 6 7 0

14 10.012592554092407

0 0 0 3 1 4 6 5 7 2
6 1 6 3 1 4 0 5 7 2
2 2 6 3 1 4 2 5 7 0
4 1 6 3 1 0 2 5 7 4
1 1 6 3 0 1 2 5 7 4
3 1 6 0 3 1 2 5 7 4
6 1 0 6 3 1 2 5 7 4
2 1 2 6 3 1 0 5 7 4
5 1 2 6 3 1 5 0 7 4
6 1 2 0 3 1 5 6 7 4
2 1 0 2 3 1 5 6 7 4
1 2 1 2 3 0 5 6 7 4
4 1 1 2 3 4 5 6 7 0

14 0.6781189441680908

