0 0 1 0 2 4 5 7 6 3
1 1 0 1 2 4 5 7 6 3
5 1 5 1 2 4 0 7 6 3
7 1 5 1 2 4 7 0 6 3
6 1 5 1 2 4 7 6 0 3
3 1 5 1 2 4 7 6 3 0
7 2 5 1 2 4 0 6 3 7
5 1 0 1 2 4 5 6 3 7
1 1 1 0 2 4 5 6 3 7
2 1 1 2 0 4 5 6 3 7
3 1 1 2 3 4 5 6 0 7
7 1 1 2 3 4 5 6 7 0

12 0.12652206420898438

0 0 1 0 2 4 5 7 6 3
7 1 1 7 2 4 5 0 6 3
6 1 1 7 2 4 5 6 0 3
3 1 1 7 2 4 5 6 3 0
5 2 1 7 2 4 0 6 3 5
6 1 1 7 2 4 6 0 3 5
7 1 1 0 2 4 6 7 3 5
2 1 1 2 0 4 6 7 3 5
3 1 1 2 3 4 6 7 0 5
7 1 1 2 3 4 6 0 7 5
6 1 1 2 3 4 0 6 7 5
5 2 1 2 3 4 5 6 7 0

13 3.683284282684326

0 0 1 0 2 4 5 7 6 3
1 1 0 1 2 4 5 7 6 3
5 1 5 1 2 4 0 7 6 3
7 1 5 1 2 4 7 0 6 3
6 1 5 1 2 4 7 6 0 3
3 1 5 1 2 4 7 6 3 0
7 2 5 1 2 4 0 6 3 7
5 1 0 1 2 4 5 6 3 7
1 1 1 0 2 4 5 6 3 7
2 1 1 2 0 4 5 6 3 7
3 1 1 2 3 4 5 6 0 7
7 1 1 2 3 4 5 6 7 0

12 0.1350235939025879

