0 0 1 2 3 4 5 6 7 8 9 10 11 0

0 0.0

0 0 1 2 3 4 5 6 7 8 9 10 0 11
11 1 1 2 3 4 5 6 7 8 9 10 11 0

1 0.0009992122650146484

0 0 1 2 3 8 5 6 7 4 9 10 11 0
11 1 1 2 3 8 5 6 7 4 9 10 0 11
7 1 1 2 3 8 5 6 0 4 9 10 7 11
4 1 1 2 3 8 5 6 4 0 9 10 7 11
8 1 1 2 3 0 5 6 4 8 9 10 7 11
4 3 1 2 3 4 5 6 0 8 9 10 7 11
7 1 1 2 3 4 5 6 7 8 9 10 0 11
11 1 1 2 3 4 5 6 7 8 9 10 11 0

9 0.03400611877441406

0 0 1 2 3 8 5 6 7 4 9 10 11 0
11 1 1 2 3 8 5 6 7 4 9 10 0 11
7 1 1 2 3 8 5 6 0 4 9 10 7 11
4 1 1 2 3 8 5 6 4 0 9 10 7 11
8 1 1 2 3 0 5 6 4 8 9 10 7 11
4 3 1 2 3 4 5 6 0 8 9 10 7 11
7 1 1 2 3 4 5 6 7 8 9 10 0 11
11 1 1 2 3 4 5 6 7 8 9 10 11 0

9 0.034505605697631836

0 0 1 2 3 8 5 6 7 4 9 10 11 0
11 1 1 2 3 8 5 6 7 4 9 10 0 11
7 1 1 2 3 8 5 6 0 4 9 10 7 11
4 1 1 2 3 8 5 6 4 0 9 10 7 11
8 1 1 2 3 0 5 6 4 8 9 10 7 11
4 3 1 2 3 4 5 6 0 8 9 10 7 11
7 1 1 2 3 4 5 6 7 8 9 10 0 11
11 1 1 2 3 4 5 6 7 8 9 10 11 0

9 0.035006046295166016

0 0 3 2 1 5 6 7 8 4 0
7 1 3 2 1 5 6 0 8 4 7
3 3 0 2 1 5 6 3 8 4 7
1 2 1 2 0 5 6 3 8 4 7
3 1 1 2 3 5 6 0 8 4 7
6 1 1 2 3 5 0 6 8 4 7
4 1 1 2 3 5 4 6 8 0 7
8 1 1 2 3 5 4 6 0 8 7
4 3 1 2 3 5 0 6 4 8 7
5 1 1 2 3 0 5 6 4 8 7
4 1 1 2 3 4 5 6 0 8 7
7 2 1 2 3 4 5 6 7 8 0

17 3.6966440677642822

0 0 3 7 1 0 6 2 8 4 5
6 1 3 7 1 6 0 2 8 4 5
4 1 3 7 1 6 4 2 8 0 5
5 1 3 7 1 6 4 2 8 5 0
8 2 3 7 1 6 4 2 0 5 8
6 1 3 7 1 0 4 2 6 5 8
3 1 0 7 1 3 4 2 6 5 8
1 2 1 7 0 3 4 2 6 5 8
7 1 1 0 7 3 4 2 6 5 8
4 1 1 4 7 3 0 2 6 5 8
5 1 1 4 7 3 5 2 6 0 8
6 1 1 4 7 3 5 2 0 6 8
3 1 1 4 7 0 5 2 3 6 8
2 2 1 4 7 2 5 0 3 6 8
8 1 1 4 7 2 5 8 3 6 0

17 1.1036925315856934

0 0 3 7 1 0 6 2 8 4 5
6 1 3 7 1 6 0 2 8 4 5
4 1 3 7 1 6 4 2 8 0 5
5 1 3 7 1 6 4 2 8 5 0
8 2 3 7 1 6 4 2 0 5 8
6 1 3 7 1 0 4 2 6 5 8
3 1 0 7 1 3 4 2 6 5 8
1 2 1 7 0 3 4 2 6 5 8
7 1 1 0 7 3 4 2 6 5 8
4 1 1 4 7 3 0 2 6 5 8
5 1 1 4 7 3 5 2 6 0 8
6 1 1 4 7 3 5 2 0 6 8
3 1 1 4 7 0 5 2 3 6 8
2 2 1 4 7 2 5 0 3 6 8
8 1 1 4 7 2 5 8 3 6 0

17 1.1567015647888184

0 0 3 7 1 0 6 2 8 4 5
6 1 3 7 1 6 0 2 8 4 5
4 1 3 7 1 6 4 2 8 0 5
5 1 3 7 1 6 4 2 8 5 0
8 2 3 7 1 6 4 2 0 5 8
6 1 3 7 1 0 4 2 6 5 8
3 1 0 7 1 3 4 2 6 5 8
1 2 1 7 0 3 4 2 6 5 8
7 1 1 0 7 3 4 2 6 5 8
4 1 1 4 7 3 0 2 6 5 8
5 1 1 4 7 3 5 2 6 0 8
6 1 1 4 7 3 5 2 0 6 8
3 1 1 4 7 0 5 2 3 6 8
2 2 1 4 7 2 5 0 3 6 8
8 1 1 4 7 2 5 8 3 6 0

17 1.1577024459838867

