0 0 6 0 3 7 2 1 4 5
1 1 6 1 3 7 2 0 4 5
4 1 6 1 3 7 2 4 0 5
5 1 6 1 3 7 2 4 5 0
6 3 0 1 3 7 2 4 5 6
1 1 1 0 3 7 2 4 5 6
3 1 1 3 0 7 2 4 5 6
5 1 1 3 5 7 2 4 0 6
6 1 1 3 5 7 2 4 6 0

10 0.013002872467041016

0 0 6 0 3 7 2 1 4 5
1 1 6 1 3 7 2 0 4 5
4 1 6 1 3 7 2 4 0 5
5 1 6 1 3 7 2 4 5 0
6 3 0 1 3 7 2 4 5 6
1 1 1 0 3 7 2 4 5 6
3 1 1 3 0 7 2 4 5 6
5 1 1 3 5 7 2 4 0 6
6 1 1 3 5 7 2 4 6 0

10 0.1190192699432373

0 0 6 0 3 7 2 1 4 5
1 1 6 1 3 7 2 0 4 5
4 1 6 1 3 7 2 4 0 5
5 1 6 1 3 7 2 4 5 0
6 3 0 1 3 7 2 4 5 6
1 1 1 0 3 7 2 4 5 6
3 1 1 3 0 7 2 4 5 6
5 1 1 3 5 7 2 4 0 6
6 1 1 3 5 7 2 4 6 0

10 18.933366537094116

0 0 6 0 3 7 2 1 4 5
1 1 6 1 3 7 2 0 4 5
4 1 6 1 3 7 2 4 0 5
5 1 6 1 3 7 2 4 5 0
6 3 0 1 3 7 2 4 5 6
1 1 1 0 3 7 2 4 5 6
3 1 1 3 0 7 2 4 5 6
5 1 1 3 5 7 2 4 0 6
6 1 1 3 5 7 2 4 6 0

10 0.012001752853393555

