no solution0 8 0 1 0 7 5 2 3 6 4
0 7 0 1 3 0 7 4 6 2 5
0 6 0 1 3 5 0 4 6 7 2
0 6 0 1 7 6 5 2 4 3 0
0 4 0 1 7 6 5 0 4 3 2
0 7 0 1 7 5 0 2 4 3 6
0 4 0 1 7 5 2 0 4 3 6
0 4 0 1 7 2 0 4 3 5 6
0 4 0 1 0 7 2 4 3 5 6
0 12 0 1 3 5 7 2 4 0 6
0 7 0 1 7 0 5 2 3 6 4
0 6 0 1 7 5 4 2 3 0 6
0 5 0 2 7 5 1 4 3 6 0
0 6 0 1 3 7 0 4 6 2 5
0 4 0 1 7 6 0 4 3 2 5
0 6 0 3 0 7 5 1 4 6 2
0 5 0 1 3 0 5 4 6 7 2
0 6 0 4 1 7 5 2 3 6 0
0 4 0 4 1 7 5 0 3 6 2
0 3 0 1 7 6 5 4 0 3 2
0 3 0 1 7 5 2 4 0 3 6
0 3 0 1 7 0 2 4 3 5 6
0 5 0 1 7 5 0 4 3 2 6
0 10 0 1 3 6 7 2 4 5 0
0 9 0 1 3 5 0 2 4 7 6
0 4 0 1 7 5 6 4 3 2 0
0 8 0 2 3 7 5 1 4 6 0
0 6 0 2 1 7 5 4 3 6 0
0 9 0 1 0 3 7 2 4 6 5
0 9 0 1 3 6 7 2 4 0 5
0 8 0 1 3 7 5 2 0 4 6
0 8 0 1 3 0 5 2 4 7 6
0 3 0 1 7 5 2 0 3 6 4
0 6 0 1 7 5 0 2 3 6 4
0 5 0 1 7 5 4 2 3 6 0
0 3 0 1 7 5 4 0 3 6 2
0 3 0 1 7 5 6 4 3 0 2
0 2 0 0 7 5 1 4 3 6 2
0 5 0 1 3 7 5 4 6 2 0
0 3 0 1 7 6 5 4 3 2 0
0 5 0 0 3 7 5 1 4 6 2
0 4 0 1 3 7 5 4 6 0 2
0 3 0 0 1 7 5 4 3 6 2
0 2 0 1 7 6 5 4 3 0 2
0 2 0 1 7 5 2 4 3 0 6
0 8 0 1 3 0 7 2 4 6 5
0 7 0 1 3 7 5 2 4 0 6
0 7 0 1 3 7 0 2 4 6 5
0 6 0 1 3 7 5 2 4 6 0
0 4 0 1 3 7 5 0 4 6 2
0 3 0 1 3 7 5 4 0 6 2
0 2 0 1 0 7 5 4 3 6 2
0 1 0 1 7 0 5 4 3 6 2
0 1 0 1 7 5 2 4 3 6 0
0 0 0 1 7 5 0 4 3 6 2
