no solution0 12 0 3 1 5 7 2 4 0 6
0 7 0 6 2 0 3 1 5 4 7
0 7 0 0 6 2 3 1 5 4 7
0 7 0 5 2 0 3 6 1 4 7
0 7 0 5 1 2 3 6 0 4 7
0 7 0 5 1 2 7 3 4 6 0
0 7 0 5 1 0 7 3 4 2 6
0 5 0 6 5 2 7 1 4 3 0
0 5 0 6 5 0 7 1 4 2 3
0 5 0 6 2 0 7 1 5 4 3
0 5 0 0 6 2 7 1 5 4 3
0 5 0 5 2 0 7 6 1 4 3
0 5 0 5 1 2 7 6 0 4 3
0 14 0 1 3 5 7 2 4 0 6
0 11 0 3 1 5 7 2 0 4 6
0 9 0 1 6 5 7 3 2 4 0
0 6 0 6 0 2 3 1 5 4 7
0 6 0 5 0 2 3 6 1 4 7
0 5 0 3 5 2 6 1 0 4 7
0 13 0 1 3 5 7 4 2 6 0
0 11 0 3 4 5 7 1 2 6 0
0 8 0 1 3 2 7 0 5 4 6
0 6 0 5 1 2 7 3 4 0 6
0 6 0 5 1 2 7 0 3 4 6
0 4 0 6 5 2 7 1 4 0 3
0 4 0 6 0 2 7 1 5 4 3
0 4 0 5 0 2 7 6 1 4 3
0 13 0 1 3 5 7 2 0 4 6
0 10 0 1 0 5 7 3 2 4 6
0 10 0 3 1 5 7 0 2 4 6
0 8 0 1 6 5 7 3 2 0 4
0 8 0 1 6 5 7 0 3 2 4
0 8 0 1 0 5 7 3 6 2 4
0 5 0 6 5 2 3 1 0 4 7
0 5 0 0 5 2 3 6 1 4 7
0 5 0 6 5 2 4 3 1 7 0
0 4 0 3 5 2 6 0 1 4 7
0 12 0 1 3 5 7 4 2 0 6
0 10 0 3 4 5 7 1 2 0 6
0 7 0 3 2 0 7 1 5 4 6
0 7 0 0 3 2 7 1 5 4 6
0 5 0 5 2 0 7 3 1 4 6
0 5 0 5 1 2 7 3 0 4 6
0 3 0 6 5 2 7 1 0 4 3
0 3 0 0 5 2 7 6 1 4 3
0 12 0 1 3 5 7 0 2 4 6
0 11 0 1 3 5 7 4 6 2 0
0 9 0 0 1 5 7 3 2 4 6
0 7 0 3 6 5 7 4 1 2 0
0 7 0 6 1 5 7 4 3 2 0
0 7 0 1 6 5 7 3 0 2 4
0 4 0 6 5 2 3 0 1 4 7
0 4 0 6 5 2 4 3 1 0 7
0 3 0 0 5 2 6 3 1 4 7
0 11 0 1 3 5 7 4 0 2 6
0 9 0 3 4 5 7 1 0 2 6
0 8 0 3 5 2 0 1 4 6 7
0 8 0 3 5 7 0 1 4 2 6
0 6 0 3 0 2 7 1 5 4 6
0 4 0 5 0 2 7 3 1 4 6
0 2 0 6 5 2 7 0 1 4 3
0 10 0 1 3 5 7 6 2 4 0
0 9 0 1 3 5 7 6 2 0 4
0 9 0 1 3 5 7 0 6 2 4
0 8 0 3 6 5 7 1 2 4 0
0 8 0 0 3 5 7 1 6 2 4
0 8 0 1 3 5 7 6 0 2 4
0 7 0 3 6 5 7 1 2 0 4
0 7 0 3 0 5 7 1 6 2 4
0 7 0 1 0 5 7 6 3 2 4
0 6 0 3 6 5 7 1 0 2 4
0 6 0 6 1 5 7 3 2 4 0
0 6 0 0 1 5 7 6 3 2 4
0 5 0 3 6 5 7 0 1 2 4
0 5 0 6 1 5 7 3 2 0 4
0 5 0 6 1 5 7 0 3 2 4
0 9 0 1 0 5 7 3 4 2 6
0 4 0 0 6 5 7 3 1 2 4
0 4 0 6 1 5 7 3 0 2 4
0 8 0 1 5 2 7 3 4 6 0
0 8 0 1 5 0 7 3 4 2 6
0 3 0 6 0 5 7 3 1 2 4
0 7 0 1 5 2 7 3 4 0 6
0 7 0 1 5 2 7 0 3 4 6
0 2 0 6 5 0 7 3 1 2 4
0 6 0 1 5 2 7 3 0 4 6
0 1 0 6 5 2 7 3 1 0 4
0 1 0 6 5 2 0 3 1 4 7
0 10 0 1 3 5 7 0 4 2 6
0 9 0 0 3 5 7 1 4 2 6
0 8 0 3 0 5 7 1 4 2 6
0 7 0 3 5 2 7 1 4 6 0
0 7 0 3 5 0 7 1 4 2 6
0 6 0 3 5 2 7 1 4 0 6
0 5 0 3 5 2 7 1 0 4 6
0 4 0 3 5 2 7 0 1 4 6
0 3 0 0 5 2 7 3 1 4 6
0 0 0 6 5 2 7 3 1 4 0
