no solution0 13 0 1 2 3 4 5 6 0 7
0 12 0 1 2 3 4 5 0 6 7
0 11 0 1 0 3 4 5 2 6 7
0 10 0 1 3 6 4 5 2 7 0
0 10 0 1 3 0 4 5 2 6 7
0 9 0 1 3 6 4 5 2 0 7
0 9 0 1 7 5 0 2 3 4 6
0 8 0 1 7 4 5 2 3 6 0
0 8 0 1 3 7 4 2 0 6 5
0 8 0 1 3 6 4 5 0 2 7
0 8 0 1 3 7 6 2 0 5 4
0 8 0 1 7 5 6 2 3 4 0
0 7 0 1 7 4 0 2 3 6 5
0 7 0 1 0 7 4 2 3 6 5
0 7 0 1 3 6 4 0 5 2 7
0 7 0 1 0 7 6 2 3 5 4
0 7 0 1 7 5 6 2 3 0 4
0 6 0 1 7 0 4 2 3 6 5
0 5 0 2 7 6 0 1 3 5 4
0 8 0 1 7 3 4 2 5 6 0
0 8 0 2 7 3 4 1 5 6 0
0 6 0 0 3 6 4 1 5 2 7
0 6 0 1 7 0 6 2 3 5 4
0 5 0 1 7 6 4 2 3 0 5
0 5 0 1 7 6 0 4 3 5 2
0 4 0 2 7 6 4 1 3 5 0
0 3 0 4 7 6 0 1 3 5 2
0 9 0 1 7 3 4 5 6 2 0
0 8 0 1 7 3 4 5 6 0 2
0 8 0 1 0 3 4 5 7 6 2
0 7 0 1 7 3 4 5 0 6 2
0 6 0 1 7 3 4 0 5 6 2
0 5 0 0 7 3 4 1 5 6 2
0 4 0 7 0 3 4 1 5 6 2
0 3 0 7 3 6 4 1 5 2 0
0 3 0 7 3 0 4 1 5 6 2
0 5 0 1 7 6 0 2 3 5 4
0 4 0 1 7 6 4 2 3 5 0
0 2 0 1 7 6 4 0 3 5 2
0 2 0 7 3 6 4 1 5 0 2
0 1 0 7 6 0 4 1 3 5 2
0 1 0 0 7 6 4 1 3 5 2
0 1 0 7 3 6 4 1 0 5 2
0 0 0 7 0 6 4 1 3 5 2
