no solution0 10 0 1 2 3 4 5 6 0 7
0 9 0 1 2 3 4 5 0 6 7
0 8 0 1 2 3 4 0 5 6 7
0 5 0 1 2 3 0 4 5 6 7
0 5 0 1 5 2 3 0 4 6 7
0 5 0 4 1 2 3 5 6 0 7
0 6 0 1 2 0 4 3 5 6 7
0 4 0 1 2 0 3 4 5 6 7
0 4 0 1 5 2 3 4 0 6 7
0 4 0 4 1 2 3 5 0 6 7
0 6 0 3 2 0 4 5 1 6 7
0 6 0 0 3 2 4 5 1 6 7
0 5 0 1 0 2 4 3 5 6 7
0 4 0 3 1 2 7 5 0 6 4
0 3 0 1 0 2 3 4 5 6 7
0 3 0 4 1 2 3 0 5 6 7
0 7 0 3 1 2 0 5 6 7 4
0 6 0 3 1 0 4 5 6 2 7
0 5 0 3 0 2 4 5 1 6 7
0 4 0 0 1 2 4 3 5 6 7
0 3 0 3 1 2 7 0 5 6 4
0 2 0 0 1 2 3 4 5 6 7
0 4 0 3 1 2 7 0 4 5 6
0 3 0 3 1 2 7 4 0 5 6
0 3 0 3 1 0 7 4 5 2 6
0 2 0 3 1 2 7 4 5 0 6
0 1 0 3 1 0 2 4 5 6 7
0 6 0 3 1 2 4 5 6 7 0
0 5 0 3 1 2 4 5 6 0 7
0 4 0 3 1 2 4 5 0 6 7
0 3 0 3 1 2 4 0 5 6 7
0 1 0 3 1 2 7 4 5 6 0
0 0 0 3 1 2 0 4 5 6 7
