no solution0 11 0 1 2 3 4 5 6 0 7
0 10 0 1 2 0 4 5 6 3 7
0 9 0 1 2 4 0 5 6 3 7
0 7 0 0 2 4 1 5 6 3 7
0 7 0 2 4 3 1 5 6 7 0
0 5 0 2 4 7 3 5 6 1 0
0 5 0 0 2 4 7 5 6 1 3
0 6 0 2 0 4 1 5 6 3 7
0 6 0 2 4 3 1 5 6 0 7
0 5 0 2 1 7 3 5 4 6 0
0 5 0 2 1 6 7 5 4 3 0
0 5 0 4 1 7 3 2 5 6 0
0 5 0 4 1 6 7 2 5 3 0
0 5 0 4 1 6 7 2 0 5 3
0 5 0 4 5 1 7 2 6 3 0
0 5 0 0 5 1 7 4 2 6 3
0 4 0 2 4 7 0 5 6 1 3
0 4 0 2 0 4 7 5 6 1 3
0 4 0 5 2 1 7 0 4 6 3
0 9 0 3 5 1 7 2 4 6 0
0 5 0 2 4 0 1 5 6 3 7
0 4 0 2 1 7 0 5 4 6 3
0 4 0 2 1 6 7 5 4 0 3
0 4 0 4 1 7 0 2 5 6 3
0 4 0 4 1 6 7 2 5 0 3
0 4 0 4 5 1 7 2 6 0 3
0 4 0 4 5 1 7 0 2 6 3
0 3 0 2 4 0 7 5 6 1 3
0 3 0 0 2 1 7 5 4 6 3
0 10 0 3 1 5 7 2 4 6 0
0 8 0 2 1 5 7 3 4 6 0
0 9 0 3 1 5 7 2 4 0 6
0 7 0 2 1 5 7 3 4 0 6
0 8 0 3 1 0 7 2 4 5 6
0 8 0 0 3 1 7 2 4 5 6
0 6 0 0 4 1 7 2 3 5 6
0 6 0 2 1 0 7 3 4 5 6
0 7 0 3 0 1 7 2 4 5 6
0 5 0 2 4 1 7 0 3 5 6
0 5 0 2 0 1 7 3 4 5 6
0 6 0 5 1 0 7 2 4 6 3
0 6 0 0 5 1 7 2 4 6 3
0 6 0 3 4 1 7 2 0 5 6
0 4 0 2 4 1 7 3 0 5 6
0 5 0 5 0 1 7 2 4 6 3
0 5 0 3 4 1 7 2 5 0 6
0 5 0 3 4 1 0 2 5 6 7
0 3 0 2 4 1 7 3 5 0 6
0 3 0 2 4 1 0 3 5 6 7
0 4 0 5 4 1 7 2 0 6 3
0 4 0 2 4 1 0 5 6 3 7
0 3 0 2 4 1 7 5 6 3 0
0 3 0 2 1 0 7 5 4 6 3
0 3 0 4 1 0 7 2 5 6 3
0 3 0 4 5 1 7 2 0 6 3
0 2 0 2 4 1 7 5 6 0 3
0 2 0 2 0 1 7 5 4 6 3
0 2 0 4 0 1 7 2 5 6 3
0 1 0 2 4 1 7 5 0 6 3
0 4 0 3 4 1 7 2 5 6 0
0 2 0 2 4 1 7 3 5 6 0
0 1 0 0 4 1 7 2 5 6 3
0 0 0 2 4 1 7 0 5 6 3
