0 31 0 0 2 3 4 5 6 7 1
0 30 0 2 0 3 4 5 6 7 1
0 29 0 2 6 3 4 5 0 7 1
0 28 0 6 2 3 4 5 0 7 1
0 27 0 6 0 3 4 5 2 7 1
0 27 0 1 0 3 4 2 6 7 5
0 26 0 1 6 3 4 2 0 7 5
0 26 0 0 3 2 4 5 6 7 1
0 25 0 1 3 2 4 0 6 7 5
0 24 0 1 3 2 0 5 6 7 4
0 26 0 0 6 3 4 5 2 7 1
0 25 0 1 6 3 4 0 2 7 5
0 24 0 1 6 3 0 5 2 7 4
0 23 0 1 3 2 4 5 6 7 0
0 22 0 1 3 2 4 5 6 0 7
0 23 0 1 6 3 4 5 2 7 0
0 22 0 1 6 3 4 5 2 0 7
0 21 0 1 3 0 4 5 6 2 7
0 21 0 1 6 3 4 5 0 2 7
0 20 0 1 0 3 4 5 6 2 7
0 19 0 0 1 3 4 5 6 2 7
0 16 0 7 1 3 4 5 6 2 0
0 15 0 7 1 3 4 5 6 0 2
0 14 0 7 1 3 4 5 0 6 2
0 14 0 2 1 7 4 5 6 3 0
0 15 0 1 3 6 4 5 0 7 2
0 14 0 1 0 6 4 5 3 7 2
0 13 0 1 6 0 4 5 3 7 2
0 12 0 1 6 7 4 5 3 0 2
0 13 0 7 3 2 4 5 6 0 1
0 13 0 7 6 3 4 5 2 0 1
0 13 0 1 0 3 2 5 7 6 4
0 17 0 1 0 7 4 5 6 2 3
0 16 0 1 7 0 4 5 6 2 3
0 15 0 1 7 2 4 5 6 0 3
0 14 0 1 7 2 4 5 6 3 0
0 13 0 1 7 2 0 5 6 3 4
0 13 0 1 0 7 2 5 6 3 4
0 12 0 1 7 3 4 2 5 6 0
0 13 0 1 7 4 3 5 6 0 2
0 11 0 1 7 4 2 5 6 3 0
0 14 0 6 7 3 4 5 2 0 1
0 14 0 6 0 3 4 5 7 2 1
0 15 0 4 7 3 2 5 6 0 1
0 13 0 4 7 3 1 5 6 2 0
0 11 0 7 0 3 1 5 6 2 4
0 10 0 1 0 7 3 5 6 2 4
0 10 0 1 7 2 3 5 6 0 4
0 11 0 1 7 3 2 4 6 0 5
0 9 0 1 7 3 5 4 6 2 0
0 9 0 5 7 3 4 1 6 2 0
0 7 0 7 0 3 4 1 6 2 5
0 6 0 1 7 3 4 6 2 5 0
0 16 0 1 7 3 5 0 6 4 2
0 15 0 0 7 3 1 5 6 4 2
0 14 0 1 7 0 3 5 6 4 2
0 15 0 0 7 3 2 5 6 4 1
0 14 0 1 7 3 2 0 6 4 5
0 11 0 1 3 0 4 5 7 6 2
0 11 0 0 1 3 4 5 7 6 2
0 11 0 0 1 7 4 5 6 3 2
0 11 0 1 6 7 4 5 0 3 2
0 12 0 7 3 0 4 5 6 2 1
0 12 0 7 6 3 4 5 0 2 1
0 12 0 1 7 3 2 5 0 6 4
0 12 0 1 7 0 2 5 6 3 4
0 10 0 1 7 3 4 0 5 6 2
0 10 0 1 7 4 0 5 6 3 2
0 13 0 6 7 3 4 5 0 2 1
0 12 0 4 7 3 0 5 6 2 1
0 11 0 5 7 3 4 0 6 2 1
0 11 0 1 7 3 5 0 6 2 4
0 10 0 0 7 3 1 5 6 2 4
0 9 0 1 7 0 3 5 6 2 4
0 8 0 1 7 3 0 4 6 2 5
0 6 0 0 7 3 4 1 6 2 5
0 5 0 1 7 3 4 6 2 0 5
0 13 0 1 7 3 0 5 6 4 2
0 12 0 1 7 3 2 5 6 4 0
0 10 0 1 0 3 4 5 7 6 2
0 10 0 1 0 7 4 5 6 3 2
0 11 0 7 0 3 4 5 6 2 1
0 11 0 1 7 3 2 5 6 0 4
0 9 0 1 7 3 4 5 0 6 2
0 9 0 1 7 0 4 5 6 3 2
0 10 0 0 7 3 4 5 6 2 1
0 8 0 1 7 3 0 5 6 2 4
0 8 0 1 7 3 4 5 6 0 2
0 7 0 1 7 3 4 5 6 2 0
0 5 0 1 7 3 4 0 6 2 5
0 4 0 1 7 3 4 6 0 2 5
0 3 0 1 0 3 4 6 7 2 5
0 2 0 1 3 0 4 6 7 2 5
0 2 0 1 3 4 5 0 7 2 6
0 1 0 1 3 4 5 6 7 0 2
0 1 0 1 3 4 0 6 7 2 5
0 0 0 1 3 4 5 6 7 2 0
0 31 0 0 2 3 4 5 6 7 1
0 30 0 2 0 3 4 5 6 7 1
0 29 0 2 6 3 4 5 0 7 1
0 28 0 6 2 3 4 5 0 7 1
0 27 0 6 0 3 4 5 2 7 1
0 27 0 1 0 3 4 2 6 7 5
0 26 0 1 6 3 4 2 0 7 5
0 26 0 0 3 2 4 5 6 7 1
0 25 0 1 3 2 4 0 6 7 5
0 24 0 1 3 2 0 5 6 7 4
0 26 0 0 6 3 4 5 2 7 1
0 25 0 1 6 3 4 0 2 7 5
0 24 0 1 6 3 0 5 2 7 4
0 23 0 1 3 2 4 5 6 7 0
0 22 0 1 3 2 4 5 6 0 7
0 23 0 1 6 3 4 5 2 7 0
0 22 0 1 6 3 4 5 2 0 7
0 21 0 1 3 0 4 5 6 2 7
0 21 0 1 6 3 4 5 0 2 7
0 20 0 1 0 3 4 5 6 2 7
0 19 0 0 1 3 4 5 6 2 7
0 16 0 7 1 3 4 5 6 2 0
0 15 0 7 1 3 4 5 6 0 2
0 14 0 7 1 3 4 5 0 6 2
0 14 0 2 1 7 4 5 6 3 0
0 15 0 1 3 6 4 5 0 7 2
0 14 0 1 0 6 4 5 3 7 2
0 13 0 1 6 0 4 5 3 7 2
0 12 0 1 6 7 4 5 3 0 2
0 13 0 7 3 2 4 5 6 0 1
0 13 0 7 6 3 4 5 2 0 1
0 13 0 1 0 3 2 5 7 6 4
0 17 0 1 0 7 4 5 6 2 3
0 16 0 1 7 0 4 5 6 2 3
0 15 0 1 7 2 4 5 6 0 3
0 14 0 1 7 2 4 5 6 3 0
0 13 0 1 7 2 0 5 6 3 4
0 13 0 1 0 7 2 5 6 3 4
0 12 0 1 7 3 4 2 5 6 0
0 13 0 1 7 4 3 5 6 0 2
0 11 0 1 7 4 2 5 6 3 0
0 14 0 6 7 3 4 5 2 0 1
0 14 0 6 0 3 4 5 7 2 1
0 15 0 4 7 3 2 5 6 0 1
0 13 0 4 7 3 1 5 6 2 0
0 11 0 7 0 3 1 5 6 2 4
0 10 0 1 0 7 3 5 6 2 4
0 10 0 1 7 2 3 5 6 0 4
0 11 0 1 7 3 2 4 6 0 5
0 9 0 1 7 3 5 4 6 2 0
0 9 0 5 7 3 4 1 6 2 0
0 7 0 7 0 3 4 1 6 2 5
0 6 0 1 7 3 4 6 2 5 0
0 16 0 1 7 3 5 0 6 4 2
0 15 0 0 7 3 1 5 6 4 2
0 14 0 1 7 0 3 5 6 4 2
0 15 0 0 7 3 2 5 6 4 1
0 14 0 1 7 3 2 0 6 4 5
0 11 0 1 3 0 4 5 7 6 2
0 11 0 0 1 3 4 5 7 6 2
0 11 0 0 1 7 4 5 6 3 2
0 11 0 1 6 7 4 5 0 3 2
0 12 0 7 3 0 4 5 6 2 1
0 12 0 7 6 3 4 5 0 2 1
0 12 0 1 7 3 2 5 0 6 4
0 12 0 1 7 0 2 5 6 3 4
0 10 0 1 7 3 4 0 5 6 2
0 10 0 1 7 4 0 5 6 3 2
0 13 0 6 7 3 4 5 0 2 1
0 12 0 4 7 3 0 5 6 2 1
0 11 0 5 7 3 4 0 6 2 1
0 11 0 1 7 3 5 0 6 2 4
0 10 0 0 7 3 1 5 6 2 4
0 9 0 1 7 0 3 5 6 2 4
0 8 0 1 7 3 0 4 6 2 5
0 6 0 0 7 3 4 1 6 2 5
0 5 0 1 7 3 4 6 2 0 5
0 13 0 1 7 3 0 5 6 4 2
0 12 0 1 7 3 2 5 6 4 0
0 10 0 1 0 3 4 5 7 6 2
0 10 0 1 0 7 4 5 6 3 2
0 11 0 7 0 3 4 5 6 2 1
0 11 0 1 7 3 2 5 6 0 4
0 9 0 1 7 3 4 5 0 6 2
0 9 0 1 7 0 4 5 6 3 2
0 10 0 0 7 3 4 5 6 2 1
0 8 0 1 7 3 0 5 6 2 4
0 8 0 1 7 3 4 5 6 0 2
0 7 0 1 7 3 4 5 6 2 0
0 5 0 1 7 3 4 0 6 2 5
0 4 0 1 7 3 4 6 0 2 5
0 3 0 1 0 3 4 6 7 2 5
0 2 0 1 3 0 4 6 7 2 5
0 2 0 1 3 4 5 0 7 2 6
0 1 0 1 3 4 5 6 7 0 2
0 1 0 1 3 4 0 6 7 2 5
0 0 0 1 3 4 5 6 7 2 0
0 31 0 0 2 3 4 5 6 7 1
0 30 0 2 0 3 4 5 6 7 1
0 29 0 2 6 3 4 5 0 7 1
0 28 0 6 2 3 4 5 0 7 1
0 27 0 6 0 3 4 5 2 7 1
0 27 0 1 0 3 4 2 6 7 5
0 26 0 1 6 3 4 2 0 7 5
0 26 0 0 3 2 4 5 6 7 1
0 25 0 1 3 2 4 0 6 7 5
0 24 0 1 3 2 0 5 6 7 4
0 26 0 0 6 3 4 5 2 7 1
0 25 0 1 6 3 4 0 2 7 5
0 24 0 1 6 3 0 5 2 7 4
0 23 0 1 3 2 4 5 6 7 0
0 22 0 1 3 2 4 5 6 0 7
0 23 0 1 6 3 4 5 2 7 0
0 22 0 1 6 3 4 5 2 0 7
0 21 0 1 3 0 4 5 6 2 7
0 21 0 1 6 3 4 5 0 2 7
0 20 0 1 0 3 4 5 6 2 7
0 19 0 0 1 3 4 5 6 2 7
0 16 0 7 1 3 4 5 6 2 0
0 15 0 7 1 3 4 5 6 0 2
0 14 0 7 1 3 4 5 0 6 2
0 14 0 2 1 7 4 5 6 3 0
0 15 0 1 3 6 4 5 0 7 2
0 14 0 1 0 6 4 5 3 7 2
0 13 0 1 6 0 4 5 3 7 2
0 12 0 1 6 7 4 5 3 0 2
0 13 0 7 3 2 4 5 6 0 1
0 13 0 7 6 3 4 5 2 0 1
0 13 0 1 0 3 2 5 7 6 4
0 17 0 1 0 7 4 5 6 2 3
0 16 0 1 7 0 4 5 6 2 3
0 15 0 1 7 2 4 5 6 0 3
0 14 0 1 7 2 4 5 6 3 0
0 13 0 1 7 2 0 5 6 3 4
0 13 0 1 0 7 2 5 6 3 4
0 12 0 1 7 3 4 2 5 6 0
0 13 0 1 7 4 3 5 6 0 2
0 11 0 1 7 4 2 5 6 3 0
0 14 0 6 7 3 4 5 2 0 1
0 14 0 6 0 3 4 5 7 2 1
0 15 0 4 7 3 2 5 6 0 1
0 13 0 4 7 3 1 5 6 2 0
0 11 0 7 0 3 1 5 6 2 4
0 10 0 1 0 7 3 5 6 2 4
0 10 0 1 7 2 3 5 6 0 4
0 11 0 1 7 3 2 4 6 0 5
0 9 0 1 7 3 5 4 6 2 0
0 9 0 5 7 3 4 1 6 2 0
0 7 0 7 0 3 4 1 6 2 5
0 6 0 1 7 3 4 6 2 5 0
0 16 0 1 7 3 5 0 6 4 2
0 15 0 0 7 3 1 5 6 4 2
0 14 0 1 7 0 3 5 6 4 2
0 15 0 0 7 3 2 5 6 4 1
0 14 0 1 7 3 2 0 6 4 5
0 11 0 1 3 0 4 5 7 6 2
0 11 0 0 1 3 4 5 7 6 2
0 11 0 0 1 7 4 5 6 3 2
0 11 0 1 6 7 4 5 0 3 2
0 12 0 7 3 0 4 5 6 2 1
0 12 0 7 6 3 4 5 0 2 1
0 12 0 1 7 3 2 5 0 6 4
0 12 0 1 7 0 2 5 6 3 4
0 10 0 1 7 3 4 0 5 6 2
0 10 0 1 7 4 0 5 6 3 2
0 13 0 6 7 3 4 5 0 2 1
0 12 0 4 7 3 0 5 6 2 1
0 11 0 5 7 3 4 0 6 2 1
0 11 0 1 7 3 5 0 6 2 4
0 10 0 0 7 3 1 5 6 2 4
0 9 0 1 7 0 3 5 6 2 4
0 8 0 1 7 3 0 4 6 2 5
0 6 0 0 7 3 4 1 6 2 5
0 5 0 1 7 3 4 6 2 0 5
0 13 0 1 7 3 0 5 6 4 2
0 12 0 1 7 3 2 5 6 4 0
0 10 0 1 0 3 4 5 7 6 2
0 10 0 1 0 7 4 5 6 3 2
0 11 0 7 0 3 4 5 6 2 1
0 11 0 1 7 3 2 5 6 0 4
0 9 0 1 7 3 4 5 0 6 2
0 9 0 1 7 0 4 5 6 3 2
0 10 0 0 7 3 4 5 6 2 1
0 8 0 1 7 3 0 5 6 2 4
0 8 0 1 7 3 4 5 6 0 2
0 7 0 1 7 3 4 5 6 2 0
0 5 0 1 7 3 4 0 6 2 5
0 4 0 1 7 3 4 6 0 2 5
0 3 0 1 0 3 4 6 7 2 5
0 2 0 1 3 0 4 6 7 2 5
0 2 0 1 3 4 5 0 7 2 6
0 1 0 1 3 4 5 6 7 0 2
0 1 0 1 3 4 0 6 7 2 5
0 0 0 1 3 4 5 6 7 2 0
