0 11 0 1 2 3 4 5 6 0 7
0 10 0 1 2 3 4 5 0 6 7
0 7 0 0 2 3 4 5 1 6 7
0 6 0 2 0 3 4 5 1 6 7
0 6 0 2 1 4 0 5 6 3 7
0 7 0 0 2 1 4 5 6 3 7
0 6 0 2 0 1 4 5 6 3 7
0 7 0 5 1 3 2 0 6 7 4
0 7 0 0 2 1 3 5 6 7 4
0 6 0 2 0 1 3 5 6 7 4
0 6 0 2 1 7 3 5 6 0 4
0 7 0 2 1 3 7 5 6 0 4
0 5 0 5 1 3 4 0 6 7 2
0 4 0 5 1 3 4 2 6 0 7
0 4 0 5 1 3 0 2 6 7 4
0 1 0 1 0 3 4 2 6 7 5
0 18 0 1 6 0 3 5 2 7 4
0 16 0 1 6 0 4 5 2 3 7
0 14 0 0 1 3 4 5 6 2 7
0 17 0 1 6 3 0 5 2 7 4
0 16 0 1 6 3 4 5 2 7 0
0 15 0 1 6 3 4 5 2 0 7
0 14 0 1 6 3 4 5 0 2 7
0 12 0 1 3 2 4 5 0 6 7
0 13 0 1 0 3 4 5 6 2 7
0 12 0 1 3 0 4 5 6 2 7
0 11 0 1 3 2 4 5 6 0 7
0 10 0 1 3 2 4 5 6 7 0
0 9 0 1 3 2 0 5 6 7 4
0 8 0 1 3 0 2 5 6 7 4
0 8 0 1 6 3 2 5 0 7 4
0 8 0 1 3 0 4 5 6 7 2
0 8 0 1 6 3 4 5 0 7 2
0 5 0 2 1 3 4 5 0 6 7
0 5 0 2 1 0 4 5 6 3 7
0 7 0 1 0 3 2 5 6 7 4
0 6 0 0 1 3 2 5 6 7 4
0 5 0 2 1 0 3 5 6 7 4
0 7 0 1 0 3 4 5 6 7 2
0 6 0 0 1 3 4 5 6 7 2
0 4 0 2 1 3 4 5 6 0 7
0 4 0 2 1 3 0 5 6 7 4
0 3 0 2 1 3 4 5 6 7 0
0 1 0 2 1 3 4 0 6 7 5
0 3 0 5 1 3 4 2 6 7 0
0 0 0 0 1 3 4 2 6 7 5
