0 24 0 0 2 3 4 5 6 7 1
0 22 0 4 2 3 0 5 6 7 1
0 21 0 4 2 3 1 5 6 7 0
0 20 0 4 2 3 1 5 6 0 7
0 18 0 4 2 3 7 5 6 1 0
0 18 0 5 2 3 4 7 6 1 0
0 15 0 0 2 3 4 7 6 1 5
0 16 0 7 2 3 1 5 6 0 4
0 15 0 0 2 3 7 5 6 1 4
0 18 0 6 2 3 4 5 0 1 7
0 17 0 4 2 3 0 5 6 1 7
0 16 0 2 0 3 4 5 6 1 7
0 16 0 5 2 3 4 0 6 1 7
0 14 0 7 2 3 4 0 6 1 5
0 13 0 7 2 3 0 5 6 1 4
0 12 0 7 2 0 4 5 6 3 1
0 15 0 0 2 3 4 5 6 1 7
0 12 0 7 2 3 4 5 6 1 0
0 11 0 7 2 3 4 5 6 0 1
0 10 0 7 2 3 4 5 0 6 1
0 9 0 7 0 3 4 5 2 6 1
0 12 0 1 7 3 4 0 6 5 2
0 10 0 1 7 3 4 2 6 5 0
0 9 0 1 7 3 4 2 6 0 5
0 8 0 1 7 3 4 2 0 6 5
0 8 0 1 7 3 6 5 2 4 0
0 8 0 1 7 3 6 5 0 2 4
0 4 0 1 7 3 5 2 6 4 0
0 13 0 1 3 5 2 0 7 4 6
0 12 0 0 3 5 1 2 7 4 6
0 11 0 1 3 0 5 2 7 4 6
0 13 0 7 3 5 4 2 6 0 1
0 13 0 7 3 5 4 0 2 6 1
0 13 0 7 0 5 4 2 3 6 1
0 14 0 4 3 5 2 0 7 6 1
0 14 0 4 3 5 6 2 7 0 1
0 12 0 4 3 0 5 2 7 6 1
0 14 0 1 3 5 6 4 7 0 2
0 13 0 0 3 5 1 4 7 6 2
0 12 0 1 3 0 5 4 7 6 2
0 10 0 1 3 5 4 7 6 0 2
0 10 0 1 0 5 4 7 3 6 2
0 9 0 1 3 5 4 0 2 7 6
0 9 0 1 0 5 4 2 3 7 6
0 13 0 0 3 5 2 4 7 6 1
0 11 0 1 3 5 2 4 7 0 6
0 10 0 1 3 5 2 7 6 0 4
0 10 0 1 0 5 2 7 3 6 4
0 12 0 0 3 5 6 2 7 4 1
0 11 0 1 3 5 6 0 7 4 2
0 10 0 1 3 5 6 0 2 7 4
0 10 0 1 0 5 6 2 3 7 4
0 12 0 4 3 5 1 0 7 6 2
0 11 0 4 3 5 1 2 7 0 6
0 11 0 7 3 5 1 2 6 0 4
0 11 0 7 3 5 1 0 2 6 4
0 11 0 7 0 5 1 2 3 6 4
0 10 0 3 0 5 4 2 7 6 1
0 10 0 2 3 5 4 0 7 6 1
0 9 0 0 3 5 4 1 7 6 2
0 8 0 1 3 0 4 2 7 5 6
0 9 0 0 3 5 2 1 7 6 4
0 9 0 1 3 0 6 2 7 5 4
0 8 0 3 0 5 1 2 7 6 4
0 8 0 2 3 5 1 0 7 6 4
0 5 0 1 3 6 5 2 7 0 4
0 9 0 1 3 0 4 5 7 2 6
0 9 0 0 1 3 4 5 7 2 6
0 8 0 1 7 3 4 0 5 2 6
0 7 0 1 7 0 4 5 2 3 6
0 8 0 0 7 3 4 5 2 6 1
0 7 0 1 7 3 4 0 2 6 5
0 7 0 1 7 3 6 5 2 0 4
0 3 0 1 7 3 5 2 6 0 4
0 10 0 1 3 5 0 2 7 4 6
0 12 0 7 3 5 4 2 0 6 1
0 11 0 4 3 5 0 2 7 6 1
0 11 0 1 3 5 0 4 7 6 2
0 9 0 1 3 5 4 7 0 6 2
0 8 0 1 3 5 4 2 0 7 6
0 10 0 1 3 5 2 4 7 6 0
0 9 0 1 3 5 2 7 0 6 4
0 9 0 1 3 5 6 2 7 4 0
0 9 0 1 3 5 6 2 0 7 4
0 10 0 4 3 5 1 2 7 6 0
0 10 0 7 3 5 1 2 0 6 4
0 9 0 0 3 5 4 2 7 6 1
0 8 0 1 3 5 4 0 7 6 2
0 7 0 1 3 5 4 2 7 0 6
0 8 0 1 3 5 2 0 7 6 4
0 8 0 1 3 5 6 2 7 0 4
0 7 0 0 3 5 1 2 7 6 4
0 6 0 1 3 5 4 2 7 6 0
0 5 0 1 3 5 0 2 7 6 4
0 4 0 1 3 0 5 2 7 6 4
0 3 0 1 0 3 5 2 7 6 4
0 8 0 1 0 3 4 5 7 2 6
0 7 0 1 7 3 4 5 0 2 6
0 6 0 1 7 3 4 5 2 0 6
0 5 0 1 7 3 4 5 2 6 0
0 4 0 1 7 3 0 5 2 6 4
0 2 0 1 7 3 5 2 0 6 4
0 1 0 1 7 3 5 0 2 6 4
0 0 0 0 7 3 5 1 2 6 4
0 24 0 0 2 3 4 5 6 7 1
0 22 0 4 2 3 0 5 6 7 1
0 21 0 4 2 3 1 5 6 7 0
0 20 0 4 2 3 1 5 6 0 7
0 18 0 4 2 3 7 5 6 1 0
0 18 0 5 2 3 4 7 6 1 0
0 15 0 0 2 3 4 7 6 1 5
0 16 0 7 2 3 1 5 6 0 4
0 15 0 0 2 3 7 5 6 1 4
0 18 0 6 2 3 4 5 0 1 7
0 17 0 4 2 3 0 5 6 1 7
0 16 0 2 0 3 4 5 6 1 7
0 16 0 5 2 3 4 0 6 1 7
0 14 0 7 2 3 4 0 6 1 5
0 13 0 7 2 3 0 5 6 1 4
0 12 0 7 2 0 4 5 6 3 1
0 15 0 0 2 3 4 5 6 1 7
0 12 0 7 2 3 4 5 6 1 0
0 11 0 7 2 3 4 5 6 0 1
0 10 0 7 2 3 4 5 0 6 1
0 9 0 7 0 3 4 5 2 6 1
0 12 0 1 7 3 4 0 6 5 2
0 10 0 1 7 3 4 2 6 5 0
0 9 0 1 7 3 4 2 6 0 5
0 8 0 1 7 3 4 2 0 6 5
0 8 0 1 7 3 6 5 2 4 0
0 8 0 1 7 3 6 5 0 2 4
0 4 0 1 7 3 5 2 6 4 0
0 13 0 1 3 5 2 0 7 4 6
0 12 0 0 3 5 1 2 7 4 6
0 11 0 1 3 0 5 2 7 4 6
0 13 0 7 3 5 4 2 6 0 1
0 13 0 7 3 5 4 0 2 6 1
0 13 0 7 0 5 4 2 3 6 1
0 14 0 4 3 5 2 0 7 6 1
0 14 0 4 3 5 6 2 7 0 1
0 12 0 4 3 0 5 2 7 6 1
0 14 0 1 3 5 6 4 7 0 2
0 13 0 0 3 5 1 4 7 6 2
0 12 0 1 3 0 5 4 7 6 2
0 10 0 1 3 5 4 7 6 0 2
0 10 0 1 0 5 4 7 3 6 2
0 9 0 1 3 5 4 0 2 7 6
0 9 0 1 0 5 4 2 3 7 6
0 13 0 0 3 5 2 4 7 6 1
0 11 0 1 3 5 2 4 7 0 6
0 10 0 1 3 5 2 7 6 0 4
0 10 0 1 0 5 2 7 3 6 4
0 12 0 0 3 5 6 2 7 4 1
0 11 0 1 3 5 6 0 7 4 2
0 10 0 1 3 5 6 0 2 7 4
0 10 0 1 0 5 6 2 3 7 4
0 12 0 4 3 5 1 0 7 6 2
0 11 0 4 3 5 1 2 7 0 6
0 11 0 7 3 5 1 2 6 0 4
0 11 0 7 3 5 1 0 2 6 4
0 11 0 7 0 5 1 2 3 6 4
0 10 0 3 0 5 4 2 7 6 1
0 10 0 2 3 5 4 0 7 6 1
0 9 0 0 3 5 4 1 7 6 2
0 8 0 1 3 0 4 2 7 5 6
0 9 0 0 3 5 2 1 7 6 4
0 9 0 1 3 0 6 2 7 5 4
0 8 0 3 0 5 1 2 7 6 4
0 8 0 2 3 5 1 0 7 6 4
0 5 0 1 3 6 5 2 7 0 4
0 9 0 1 3 0 4 5 7 2 6
0 9 0 0 1 3 4 5 7 2 6
0 8 0 1 7 3 4 0 5 2 6
0 7 0 1 7 0 4 5 2 3 6
0 8 0 0 7 3 4 5 2 6 1
0 7 0 1 7 3 4 0 2 6 5
0 7 0 1 7 3 6 5 2 0 4
0 3 0 1 7 3 5 2 6 0 4
0 10 0 1 3 5 0 2 7 4 6
0 12 0 7 3 5 4 2 0 6 1
0 11 0 4 3 5 0 2 7 6 1
0 11 0 1 3 5 0 4 7 6 2
0 9 0 1 3 5 4 7 0 6 2
0 8 0 1 3 5 4 2 0 7 6
0 10 0 1 3 5 2 4 7 6 0
0 9 0 1 3 5 2 7 0 6 4
0 9 0 1 3 5 6 2 7 4 0
0 9 0 1 3 5 6 2 0 7 4
0 10 0 4 3 5 1 2 7 6 0
0 10 0 7 3 5 1 2 0 6 4
0 9 0 0 3 5 4 2 7 6 1
0 8 0 1 3 5 4 0 7 6 2
0 7 0 1 3 5 4 2 7 0 6
0 8 0 1 3 5 2 0 7 6 4
0 8 0 1 3 5 6 2 7 0 4
0 7 0 0 3 5 1 2 7 6 4
0 6 0 1 3 5 4 2 7 6 0
0 5 0 1 3 5 0 2 7 6 4
0 4 0 1 3 0 5 2 7 6 4
0 3 0 1 0 3 5 2 7 6 4
0 8 0 1 0 3 4 5 7 2 6
0 7 0 1 7 3 4 5 0 2 6
0 6 0 1 7 3 4 5 2 0 6
0 5 0 1 7 3 4 5 2 6 0
0 4 0 1 7 3 0 5 2 6 4
0 2 0 1 7 3 5 2 0 6 4
0 1 0 1 7 3 5 0 2 6 4
0 0 0 0 7 3 5 1 2 6 4
0 24 0 0 2 3 4 5 6 7 1
0 22 0 4 2 3 0 5 6 7 1
0 21 0 4 2 3 1 5 6 7 0
0 20 0 4 2 3 1 5 6 0 7
0 18 0 4 2 3 7 5 6 1 0
0 18 0 5 2 3 4 7 6 1 0
0 15 0 0 2 3 4 7 6 1 5
0 16 0 7 2 3 1 5 6 0 4
0 15 0 0 2 3 7 5 6 1 4
0 18 0 6 2 3 4 5 0 1 7
0 17 0 4 2 3 0 5 6 1 7
0 16 0 2 0 3 4 5 6 1 7
0 16 0 5 2 3 4 0 6 1 7
0 14 0 7 2 3 4 0 6 1 5
0 13 0 7 2 3 0 5 6 1 4
0 12 0 7 2 0 4 5 6 3 1
0 15 0 0 2 3 4 5 6 1 7
0 12 0 7 2 3 4 5 6 1 0
0 11 0 7 2 3 4 5 6 0 1
0 10 0 7 2 3 4 5 0 6 1
0 9 0 7 0 3 4 5 2 6 1
0 12 0 1 7 3 4 0 6 5 2
0 10 0 1 7 3 4 2 6 5 0
0 9 0 1 7 3 4 2 6 0 5
0 8 0 1 7 3 4 2 0 6 5
0 8 0 1 7 3 6 5 2 4 0
0 8 0 1 7 3 6 5 0 2 4
0 4 0 1 7 3 5 2 6 4 0
0 13 0 1 3 5 2 0 7 4 6
0 12 0 0 3 5 1 2 7 4 6
0 11 0 1 3 0 5 2 7 4 6
0 13 0 7 3 5 4 2 6 0 1
0 13 0 7 3 5 4 0 2 6 1
0 13 0 7 0 5 4 2 3 6 1
0 14 0 4 3 5 2 0 7 6 1
0 14 0 4 3 5 6 2 7 0 1
0 12 0 4 3 0 5 2 7 6 1
0 14 0 1 3 5 6 4 7 0 2
0 13 0 0 3 5 1 4 7 6 2
0 12 0 1 3 0 5 4 7 6 2
0 10 0 1 3 5 4 7 6 0 2
0 10 0 1 0 5 4 7 3 6 2
0 9 0 1 3 5 4 0 2 7 6
0 9 0 1 0 5 4 2 3 7 6
0 13 0 0 3 5 2 4 7 6 1
0 11 0 1 3 5 2 4 7 0 6
0 10 0 1 3 5 2 7 6 0 4
0 10 0 1 0 5 2 7 3 6 4
0 12 0 0 3 5 6 2 7 4 1
0 11 0 1 3 5 6 0 7 4 2
0 10 0 1 3 5 6 0 2 7 4
0 10 0 1 0 5 6 2 3 7 4
0 12 0 4 3 5 1 0 7 6 2
0 11 0 4 3 5 1 2 7 0 6
0 11 0 7 3 5 1 2 6 0 4
0 11 0 7 3 5 1 0 2 6 4
0 11 0 7 0 5 1 2 3 6 4
0 10 0 3 0 5 4 2 7 6 1
0 10 0 2 3 5 4 0 7 6 1
0 9 0 0 3 5 4 1 7 6 2
0 8 0 1 3 0 4 2 7 5 6
0 9 0 0 3 5 2 1 7 6 4
0 9 0 1 3 0 6 2 7 5 4
0 8 0 3 0 5 1 2 7 6 4
0 8 0 2 3 5 1 0 7 6 4
0 5 0 1 3 6 5 2 7 0 4
0 9 0 1 3 0 4 5 7 2 6
0 9 0 0 1 3 4 5 7 2 6
0 8 0 1 7 3 4 0 5 2 6
0 7 0 1 7 0 4 5 2 3 6
0 8 0 0 7 3 4 5 2 6 1
0 7 0 1 7 3 4 0 2 6 5
0 7 0 1 7 3 6 5 2 0 4
0 3 0 1 7 3 5 2 6 0 4
0 10 0 1 3 5 0 2 7 4 6
0 12 0 7 3 5 4 2 0 6 1
0 11 0 4 3 5 0 2 7 6 1
0 11 0 1 3 5 0 4 7 6 2
0 9 0 1 3 5 4 7 0 6 2
0 8 0 1 3 5 4 2 0 7 6
0 10 0 1 3 5 2 4 7 6 0
0 9 0 1 3 5 2 7 0 6 4
0 9 0 1 3 5 6 2 7 4 0
0 9 0 1 3 5 6 2 0 7 4
0 10 0 4 3 5 1 2 7 6 0
0 10 0 7 3 5 1 2 0 6 4
0 9 0 0 3 5 4 2 7 6 1
0 8 0 1 3 5 4 0 7 6 2
0 7 0 1 3 5 4 2 7 0 6
0 8 0 1 3 5 2 0 7 6 4
0 8 0 1 3 5 6 2 7 0 4
0 7 0 0 3 5 1 2 7 6 4
0 6 0 1 3 5 4 2 7 6 0
0 5 0 1 3 5 0 2 7 6 4
0 4 0 1 3 0 5 2 7 6 4
0 3 0 1 0 3 5 2 7 6 4
0 8 0 1 0 3 4 5 7 2 6
0 7 0 1 7 3 4 5 0 2 6
0 6 0 1 7 3 4 5 2 0 6
0 5 0 1 7 3 4 5 2 6 0
0 4 0 1 7 3 0 5 2 6 4
0 2 0 1 7 3 5 2 0 6 4
0 1 0 1 7 3 5 0 2 6 4
0 0 0 0 7 3 5 1 2 6 4
