0 24 0 0 3 5 7 2 4 6 1
0 23 0 2 3 5 7 0 4 6 1
0 22 0 2 3 5 7 4 0 6 1
0 21 0 4 3 5 7 2 0 6 1
0 20 0 4 3 5 7 0 2 6 1
0 22 0 1 3 5 7 6 4 0 2
0 21 0 1 3 5 7 6 4 2 0
0 19 0 1 3 5 7 0 4 2 6
0 18 0 1 3 5 7 4 0 2 6
0 21 0 1 3 5 4 2 0 6 7
0 20 0 1 3 5 4 0 2 6 7
0 18 0 1 3 5 4 7 2 6 0
0 18 0 4 3 5 7 1 2 6 0
0 18 0 2 3 5 7 1 0 6 4
0 16 0 4 1 5 7 2 3 6 0
0 16 0 3 1 5 7 2 0 6 4
0 18 0 0 3 5 7 2 6 4 1
0 17 0 1 3 5 7 0 6 4 2
0 16 0 1 3 5 0 2 6 4 7
0 19 0 0 3 5 7 4 2 6 1
0 17 0 1 3 5 7 4 2 0 6
0 17 0 1 3 5 0 4 2 6 7
0 15 0 1 3 0 7 2 6 5 4
0 17 0 1 3 5 0 7 2 6 4
0 15 0 0 3 5 7 1 2 6 4
0 13 0 0 1 5 7 2 3 6 4
0 15 0 1 3 5 7 2 6 4 0
0 16 0 1 3 5 7 4 2 6 0
0 14 0 1 3 5 7 2 6 0 4
0 14 0 1 3 5 7 0 2 6 4
0 13 0 1 3 5 7 2 0 6 4
0 12 0 1 0 5 7 2 3 6 4
0 11 0 1 5 0 7 2 3 6 4
0 10 0 1 5 7 0 2 3 6 4
0 8 0 0 5 7 1 2 3 6 4
0 11 0 3 7 1 4 2 6 0 5
0 17 0 5 3 0 1 2 7 6 4
0 18 0 0 3 1 5 2 7 6 4
0 16 0 5 3 1 0 2 7 6 4
0 15 0 4 3 0 1 2 7 6 5
0 15 0 4 3 1 5 2 7 6 0
0 15 0 5 3 1 4 2 7 6 0
0 14 0 4 3 1 0 2 7 6 5
0 12 0 0 3 1 4 2 7 6 5
0 11 0 3 0 1 4 2 7 6 5
0 10 0 4 7 0 1 2 3 6 5
0 10 0 7 3 1 4 2 6 0 5
0 10 0 7 3 1 4 0 2 6 5
0 9 0 7 1 0 4 2 3 6 5
0 10 0 4 7 1 5 2 3 6 0
0 10 0 3 7 1 5 2 0 6 4
0 9 0 7 3 1 5 2 0 6 4
0 8 0 7 0 1 5 2 3 6 4
0 8 0 5 3 7 1 2 0 6 4
0 7 0 5 0 7 1 2 3 6 4
0 10 0 3 7 1 4 2 0 6 5
0 9 0 4 7 1 0 2 3 6 5
0 9 0 7 3 1 4 2 0 6 5
0 8 0 7 0 1 4 2 3 6 5
0 7 0 0 7 1 5 2 3 6 4
0 6 0 5 7 0 1 2 3 6 4
0 7 0 0 7 1 4 2 3 6 5
0 5 0 5 7 1 0 2 3 6 4
0 4 0 5 7 1 4 2 3 6 0
0 3 0 5 7 1 4 2 3 0 6
0 2 0 0 7 1 5 2 3 4 6
0 1 0 5 7 0 1 2 3 4 6
0 1 0 5 7 1 6 2 3 4 0
0 0 0 5 7 1 0 2 3 4 6
0 24 0 0 3 5 7 2 4 6 1
0 23 0 2 3 5 7 0 4 6 1
0 22 0 2 3 5 7 4 0 6 1
0 21 0 4 3 5 7 2 0 6 1
0 20 0 4 3 5 7 0 2 6 1
0 22 0 1 3 5 7 6 4 0 2
0 21 0 1 3 5 7 6 4 2 0
0 19 0 1 3 5 7 0 4 2 6
0 18 0 1 3 5 7 4 0 2 6
0 21 0 1 3 5 4 2 0 6 7
0 20 0 1 3 5 4 0 2 6 7
0 18 0 1 3 5 4 7 2 6 0
0 18 0 4 3 5 7 1 2 6 0
0 18 0 2 3 5 7 1 0 6 4
0 16 0 4 1 5 7 2 3 6 0
0 16 0 3 1 5 7 2 0 6 4
0 18 0 0 3 5 7 2 6 4 1
0 17 0 1 3 5 7 0 6 4 2
0 16 0 1 3 5 0 2 6 4 7
0 19 0 0 3 5 7 4 2 6 1
0 17 0 1 3 5 7 4 2 0 6
0 17 0 1 3 5 0 4 2 6 7
0 15 0 1 3 0 7 2 6 5 4
0 17 0 1 3 5 0 7 2 6 4
0 15 0 0 3 5 7 1 2 6 4
0 13 0 0 1 5 7 2 3 6 4
0 15 0 1 3 5 7 2 6 4 0
0 16 0 1 3 5 7 4 2 6 0
0 14 0 1 3 5 7 2 6 0 4
0 14 0 1 3 5 7 0 2 6 4
0 13 0 1 3 5 7 2 0 6 4
0 12 0 1 0 5 7 2 3 6 4
0 11 0 1 5 0 7 2 3 6 4
0 10 0 1 5 7 0 2 3 6 4
0 8 0 0 5 7 1 2 3 6 4
0 11 0 3 7 1 4 2 6 0 5
0 17 0 5 3 0 1 2 7 6 4
0 18 0 0 3 1 5 2 7 6 4
0 16 0 5 3 1 0 2 7 6 4
0 15 0 4 3 0 1 2 7 6 5
0 15 0 4 3 1 5 2 7 6 0
0 15 0 5 3 1 4 2 7 6 0
0 14 0 4 3 1 0 2 7 6 5
0 12 0 0 3 1 4 2 7 6 5
0 11 0 3 0 1 4 2 7 6 5
0 10 0 4 7 0 1 2 3 6 5
0 10 0 7 3 1 4 2 6 0 5
0 10 0 7 3 1 4 0 2 6 5
0 9 0 7 1 0 4 2 3 6 5
0 10 0 4 7 1 5 2 3 6 0
0 10 0 3 7 1 5 2 0 6 4
0 9 0 7 3 1 5 2 0 6 4
0 8 0 7 0 1 5 2 3 6 4
0 8 0 5 3 7 1 2 0 6 4
0 7 0 5 0 7 1 2 3 6 4
0 10 0 3 7 1 4 2 0 6 5
0 9 0 4 7 1 0 2 3 6 5
0 9 0 7 3 1 4 2 0 6 5
0 8 0 7 0 1 4 2 3 6 5
0 7 0 0 7 1 5 2 3 6 4
0 6 0 5 7 0 1 2 3 6 4
0 7 0 0 7 1 4 2 3 6 5
0 5 0 5 7 1 0 2 3 6 4
0 4 0 5 7 1 4 2 3 6 0
0 3 0 5 7 1 4 2 3 0 6
0 2 0 0 7 1 5 2 3 4 6
0 1 0 5 7 0 1 2 3 4 6
0 1 0 5 7 1 6 2 3 4 0
0 0 0 5 7 1 0 2 3 4 6
0 24 0 0 3 5 7 2 4 6 1
0 23 0 2 3 5 7 0 4 6 1
0 22 0 2 3 5 7 4 0 6 1
0 21 0 4 3 5 7 2 0 6 1
0 20 0 4 3 5 7 0 2 6 1
0 22 0 1 3 5 7 6 4 0 2
0 21 0 1 3 5 7 6 4 2 0
0 19 0 1 3 5 7 0 4 2 6
0 18 0 1 3 5 7 4 0 2 6
0 21 0 1 3 5 4 2 0 6 7
0 20 0 1 3 5 4 0 2 6 7
0 18 0 1 3 5 4 7 2 6 0
0 18 0 4 3 5 7 1 2 6 0
0 18 0 2 3 5 7 1 0 6 4
0 16 0 4 1 5 7 2 3 6 0
0 16 0 3 1 5 7 2 0 6 4
0 18 0 0 3 5 7 2 6 4 1
0 17 0 1 3 5 7 0 6 4 2
0 16 0 1 3 5 0 2 6 4 7
0 19 0 0 3 5 7 4 2 6 1
0 17 0 1 3 5 7 4 2 0 6
0 17 0 1 3 5 0 4 2 6 7
0 15 0 1 3 0 7 2 6 5 4
0 17 0 1 3 5 0 7 2 6 4
0 15 0 0 3 5 7 1 2 6 4
0 13 0 0 1 5 7 2 3 6 4
0 15 0 1 3 5 7 2 6 4 0
0 16 0 1 3 5 7 4 2 6 0
0 14 0 1 3 5 7 2 6 0 4
0 14 0 1 3 5 7 0 2 6 4
0 13 0 1 3 5 7 2 0 6 4
0 12 0 1 0 5 7 2 3 6 4
0 11 0 1 5 0 7 2 3 6 4
0 10 0 1 5 7 0 2 3 6 4
0 8 0 0 5 7 1 2 3 6 4
0 11 0 3 7 1 4 2 6 0 5
0 17 0 5 3 0 1 2 7 6 4
0 18 0 0 3 1 5 2 7 6 4
0 16 0 5 3 1 0 2 7 6 4
0 15 0 4 3 0 1 2 7 6 5
0 15 0 4 3 1 5 2 7 6 0
0 15 0 5 3 1 4 2 7 6 0
0 14 0 4 3 1 0 2 7 6 5
0 12 0 0 3 1 4 2 7 6 5
0 11 0 3 0 1 4 2 7 6 5
0 10 0 4 7 0 1 2 3 6 5
0 10 0 7 3 1 4 2 6 0 5
0 10 0 7 3 1 4 0 2 6 5
0 9 0 7 1 0 4 2 3 6 5
0 10 0 4 7 1 5 2 3 6 0
0 10 0 3 7 1 5 2 0 6 4
0 9 0 7 3 1 5 2 0 6 4
0 8 0 7 0 1 5 2 3 6 4
0 8 0 5 3 7 1 2 0 6 4
0 7 0 5 0 7 1 2 3 6 4
0 10 0 3 7 1 4 2 0 6 5
0 9 0 4 7 1 0 2 3 6 5
0 9 0 7 3 1 4 2 0 6 5
0 8 0 7 0 1 4 2 3 6 5
0 7 0 0 7 1 5 2 3 6 4
0 6 0 5 7 0 1 2 3 6 4
0 7 0 0 7 1 4 2 3 6 5
0 5 0 5 7 1 0 2 3 6 4
0 4 0 5 7 1 4 2 3 6 0
0 3 0 5 7 1 4 2 3 0 6
0 2 0 0 7 1 5 2 3 4 6
0 1 0 5 7 0 1 2 3 4 6
0 1 0 5 7 1 6 2 3 4 0
0 0 0 5 7 1 0 2 3 4 6
