0 29 0 0 3 5 7 2 4 6 1
0 28 0 2 3 5 7 0 4 6 1
0 27 0 2 3 5 7 4 0 6 1
0 26 0 4 3 5 7 2 0 6 1
0 25 0 4 3 5 7 0 2 6 1
0 27 0 1 3 5 7 6 4 0 2
0 26 0 1 3 5 7 6 4 2 0
0 24 0 1 3 5 7 0 4 2 6
0 23 0 1 3 5 7 4 0 2 6
0 23 0 4 3 5 7 1 2 6 0
0 23 0 2 3 5 7 1 0 6 4
0 19 0 1 3 5 4 2 6 0 7
0 19 0 1 0 5 4 2 3 6 7
0 25 0 0 3 5 7 2 6 4 1
0 24 0 1 3 5 7 0 6 4 2
0 23 0 1 3 5 0 2 6 4 7
0 22 0 1 3 0 7 2 6 5 4
0 22 0 1 5 0 7 2 3 6 4
0 22 0 0 1 5 7 2 3 6 4
0 24 0 0 3 5 7 4 2 6 1
0 22 0 1 3 5 7 4 2 0 6
0 22 0 1 3 5 0 4 2 6 7
0 20 0 0 3 5 7 1 2 6 4
0 18 0 1 3 5 4 2 0 6 7
0 17 0 1 3 5 4 0 2 6 7
0 22 0 1 3 5 7 2 6 4 0
0 21 0 1 3 5 7 2 6 0 4
0 21 0 1 0 5 7 2 3 6 4
0 21 0 1 3 5 7 4 2 6 0
0 20 0 1 3 5 7 2 0 6 4
0 19 0 1 3 5 7 0 2 6 4
0 16 0 1 3 5 0 7 2 6 4
0 15 0 1 3 5 4 7 2 6 0
0 12 0 0 3 5 4 7 2 6 1
0 8 0 1 7 5 4 0 6 2 3
0 7 0 1 0 7 4 3 6 5 2
0 11 0 1 7 5 0 2 3 4 6
0 11 0 1 0 5 6 2 7 3 4
0 12 0 3 0 5 1 2 7 6 4
0 11 0 7 3 5 1 2 6 0 4
0 11 0 7 3 5 1 0 2 6 4
0 10 0 1 3 7 5 2 6 0 4
0 10 0 1 3 7 5 0 2 6 4
0 22 0 1 3 5 0 2 7 4 6
0 22 0 1 3 5 2 4 7 6 0
0 21 0 1 3 5 2 7 0 6 4
0 21 0 1 3 5 6 2 7 4 0
0 21 0 1 3 5 6 2 0 7 4
0 21 0 1 3 5 0 4 7 6 2
0 19 0 1 3 5 4 7 0 6 2
0 18 0 1 3 5 4 2 0 7 6
0 16 0 4 3 5 1 2 7 6 0
0 20 0 1 3 5 2 0 7 6 4
0 20 0 1 3 5 6 2 7 0 4
0 19 0 0 3 5 1 2 7 6 4
0 18 0 1 3 0 5 2 7 6 4
0 18 0 1 3 5 4 0 7 6 2
0 17 0 1 3 5 4 2 7 0 6
0 15 0 4 3 5 0 2 7 6 1
0 17 0 1 3 5 0 2 7 6 4
0 16 0 1 3 5 4 2 7 6 0
0 13 0 0 3 5 4 2 7 6 1
0 12 0 3 0 5 4 2 7 6 1
0 11 0 7 3 5 4 2 6 0 1
0 11 0 7 3 5 4 0 2 6 1
0 8 0 1 0 5 4 2 7 3 6
0 6 0 1 7 5 4 3 6 2 0
0 6 0 1 7 0 4 3 6 5 2
0 5 0 1 0 5 2 3 7 6 4
0 10 0 1 7 5 6 2 3 4 0
0 10 0 1 7 5 6 2 0 3 4
0 11 0 4 7 5 1 2 3 6 0
0 11 0 3 7 5 1 2 0 6 4
0 10 0 7 3 5 1 2 0 6 4
0 9 0 7 0 5 1 2 3 6 4
0 9 0 1 3 7 5 2 0 6 4
0 8 0 1 0 7 5 2 3 6 4
0 11 0 3 7 5 4 2 0 6 1
0 10 0 4 7 5 0 2 3 6 1
0 10 0 7 3 5 4 2 0 6 1
0 9 0 7 0 5 4 2 3 6 1
0 7 0 1 7 5 4 2 0 3 6
0 5 0 1 7 5 4 3 6 0 2
0 5 0 1 0 5 4 3 7 6 2
0 4 0 1 7 5 2 3 0 6 4
0 9 0 1 7 5 6 2 3 0 4
0 8 0 0 7 5 1 2 3 6 4
0 7 0 1 7 0 5 2 3 6 4
0 8 0 0 7 5 4 2 3 6 1
0 6 0 1 7 5 4 2 3 0 6
0 4 0 1 7 5 4 3 0 6 2
0 3 0 1 7 5 2 0 3 6 4
0 6 0 1 7 5 0 2 3 6 4
0 5 0 1 7 5 4 2 3 6 0
0 3 0 1 7 5 4 0 3 6 2
0 1 0 1 7 5 2 4 3 6 0
0 0 0 1 7 5 0 4 3 6 2
0 29 0 0 3 5 7 2 4 6 1
0 28 0 2 3 5 7 0 4 6 1
0 27 0 2 3 5 7 4 0 6 1
0 26 0 4 3 5 7 2 0 6 1
0 25 0 4 3 5 7 0 2 6 1
0 27 0 1 3 5 7 6 4 0 2
0 26 0 1 3 5 7 6 4 2 0
0 24 0 1 3 5 7 0 4 2 6
0 23 0 1 3 5 7 4 0 2 6
0 23 0 4 3 5 7 1 2 6 0
0 23 0 2 3 5 7 1 0 6 4
0 19 0 1 3 5 4 2 6 0 7
0 19 0 1 0 5 4 2 3 6 7
0 25 0 0 3 5 7 2 6 4 1
0 24 0 1 3 5 7 0 6 4 2
0 23 0 1 3 5 0 2 6 4 7
0 22 0 1 3 0 7 2 6 5 4
0 22 0 1 5 0 7 2 3 6 4
0 22 0 0 1 5 7 2 3 6 4
0 24 0 0 3 5 7 4 2 6 1
0 22 0 1 3 5 7 4 2 0 6
0 22 0 1 3 5 0 4 2 6 7
0 20 0 0 3 5 7 1 2 6 4
0 18 0 1 3 5 4 2 0 6 7
0 17 0 1 3 5 4 0 2 6 7
0 22 0 1 3 5 7 2 6 4 0
0 21 0 1 3 5 7 2 6 0 4
0 21 0 1 0 5 7 2 3 6 4
0 21 0 1 3 5 7 4 2 6 0
0 20 0 1 3 5 7 2 0 6 4
0 19 0 1 3 5 7 0 2 6 4
0 16 0 1 3 5 0 7 2 6 4
0 15 0 1 3 5 4 7 2 6 0
0 12 0 0 3 5 4 7 2 6 1
0 8 0 1 7 5 4 0 6 2 3
0 7 0 1 0 7 4 3 6 5 2
0 11 0 1 7 5 0 2 3 4 6
0 11 0 1 0 5 6 2 7 3 4
0 12 0 3 0 5 1 2 7 6 4
0 11 0 7 3 5 1 2 6 0 4
0 11 0 7 3 5 1 0 2 6 4
0 10 0 1 3 7 5 2 6 0 4
0 10 0 1 3 7 5 0 2 6 4
0 22 0 1 3 5 0 2 7 4 6
0 22 0 1 3 5 2 4 7 6 0
0 21 0 1 3 5 2 7 0 6 4
0 21 0 1 3 5 6 2 7 4 0
0 21 0 1 3 5 6 2 0 7 4
0 21 0 1 3 5 0 4 7 6 2
0 19 0 1 3 5 4 7 0 6 2
0 18 0 1 3 5 4 2 0 7 6
0 16 0 4 3 5 1 2 7 6 0
0 20 0 1 3 5 2 0 7 6 4
0 20 0 1 3 5 6 2 7 0 4
0 19 0 0 3 5 1 2 7 6 4
0 18 0 1 3 0 5 2 7 6 4
0 18 0 1 3 5 4 0 7 6 2
0 17 0 1 3 5 4 2 7 0 6
0 15 0 4 3 5 0 2 7 6 1
0 17 0 1 3 5 0 2 7 6 4
0 16 0 1 3 5 4 2 7 6 0
0 13 0 0 3 5 4 2 7 6 1
0 12 0 3 0 5 4 2 7 6 1
0 11 0 7 3 5 4 2 6 0 1
0 11 0 7 3 5 4 0 2 6 1
0 8 0 1 0 5 4 2 7 3 6
0 6 0 1 7 5 4 3 6 2 0
0 6 0 1 7 0 4 3 6 5 2
0 5 0 1 0 5 2 3 7 6 4
0 10 0 1 7 5 6 2 3 4 0
0 10 0 1 7 5 6 2 0 3 4
0 11 0 4 7 5 1 2 3 6 0
0 11 0 3 7 5 1 2 0 6 4
0 10 0 7 3 5 1 2 0 6 4
0 9 0 7 0 5 1 2 3 6 4
0 9 0 1 3 7 5 2 0 6 4
0 8 0 1 0 7 5 2 3 6 4
0 11 0 3 7 5 4 2 0 6 1
0 10 0 4 7 5 0 2 3 6 1
0 10 0 7 3 5 4 2 0 6 1
0 9 0 7 0 5 4 2 3 6 1
0 7 0 1 7 5 4 2 0 3 6
0 5 0 1 7 5 4 3 6 0 2
0 5 0 1 0 5 4 3 7 6 2
0 4 0 1 7 5 2 3 0 6 4
0 9 0 1 7 5 6 2 3 0 4
0 8 0 0 7 5 1 2 3 6 4
0 7 0 1 7 0 5 2 3 6 4
0 8 0 0 7 5 4 2 3 6 1
0 6 0 1 7 5 4 2 3 0 6
0 4 0 1 7 5 4 3 0 6 2
0 3 0 1 7 5 2 0 3 6 4
0 6 0 1 7 5 0 2 3 6 4
0 5 0 1 7 5 4 2 3 6 0
0 3 0 1 7 5 4 0 3 6 2
0 1 0 1 7 5 2 4 3 6 0
0 0 0 1 7 5 0 4 3 6 2
0 29 0 0 3 5 7 2 4 6 1
0 28 0 2 3 5 7 0 4 6 1
0 27 0 2 3 5 7 4 0 6 1
0 26 0 4 3 5 7 2 0 6 1
0 25 0 4 3 5 7 0 2 6 1
0 27 0 1 3 5 7 6 4 0 2
0 26 0 1 3 5 7 6 4 2 0
0 24 0 1 3 5 7 0 4 2 6
0 23 0 1 3 5 7 4 0 2 6
0 23 0 4 3 5 7 1 2 6 0
0 23 0 2 3 5 7 1 0 6 4
0 19 0 1 3 5 4 2 6 0 7
0 19 0 1 0 5 4 2 3 6 7
0 25 0 0 3 5 7 2 6 4 1
0 24 0 1 3 5 7 0 6 4 2
0 23 0 1 3 5 0 2 6 4 7
0 22 0 1 3 0 7 2 6 5 4
0 22 0 1 5 0 7 2 3 6 4
0 22 0 0 1 5 7 2 3 6 4
0 24 0 0 3 5 7 4 2 6 1
0 22 0 1 3 5 7 4 2 0 6
0 22 0 1 3 5 0 4 2 6 7
0 20 0 0 3 5 7 1 2 6 4
0 18 0 1 3 5 4 2 0 6 7
0 17 0 1 3 5 4 0 2 6 7
0 22 0 1 3 5 7 2 6 4 0
0 21 0 1 3 5 7 2 6 0 4
0 21 0 1 0 5 7 2 3 6 4
0 21 0 1 3 5 7 4 2 6 0
0 20 0 1 3 5 7 2 0 6 4
0 19 0 1 3 5 7 0 2 6 4
0 16 0 1 3 5 0 7 2 6 4
0 15 0 1 3 5 4 7 2 6 0
0 12 0 0 3 5 4 7 2 6 1
0 8 0 1 7 5 4 0 6 2 3
0 7 0 1 0 7 4 3 6 5 2
0 11 0 1 7 5 0 2 3 4 6
0 11 0 1 0 5 6 2 7 3 4
0 12 0 3 0 5 1 2 7 6 4
0 11 0 7 3 5 1 2 6 0 4
0 11 0 7 3 5 1 0 2 6 4
0 10 0 1 3 7 5 2 6 0 4
0 10 0 1 3 7 5 0 2 6 4
0 22 0 1 3 5 0 2 7 4 6
0 22 0 1 3 5 2 4 7 6 0
0 21 0 1 3 5 2 7 0 6 4
0 21 0 1 3 5 6 2 7 4 0
0 21 0 1 3 5 6 2 0 7 4
0 21 0 1 3 5 0 4 7 6 2
0 19 0 1 3 5 4 7 0 6 2
0 18 0 1 3 5 4 2 0 7 6
0 16 0 4 3 5 1 2 7 6 0
0 20 0 1 3 5 2 0 7 6 4
0 20 0 1 3 5 6 2 7 0 4
0 19 0 0 3 5 1 2 7 6 4
0 18 0 1 3 0 5 2 7 6 4
0 18 0 1 3 5 4 0 7 6 2
0 17 0 1 3 5 4 2 7 0 6
0 15 0 4 3 5 0 2 7 6 1
0 17 0 1 3 5 0 2 7 6 4
0 16 0 1 3 5 4 2 7 6 0
0 13 0 0 3 5 4 2 7 6 1
0 12 0 3 0 5 4 2 7 6 1
0 11 0 7 3 5 4 2 6 0 1
0 11 0 7 3 5 4 0 2 6 1
0 8 0 1 0 5 4 2 7 3 6
0 6 0 1 7 5 4 3 6 2 0
0 6 0 1 7 0 4 3 6 5 2
0 5 0 1 0 5 2 3 7 6 4
0 10 0 1 7 5 6 2 3 4 0
0 10 0 1 7 5 6 2 0 3 4
0 11 0 4 7 5 1 2 3 6 0
0 11 0 3 7 5 1 2 0 6 4
0 10 0 7 3 5 1 2 0 6 4
0 9 0 7 0 5 1 2 3 6 4
0 9 0 1 3 7 5 2 0 6 4
0 8 0 1 0 7 5 2 3 6 4
0 11 0 3 7 5 4 2 0 6 1
0 10 0 4 7 5 0 2 3 6 1
0 10 0 7 3 5 4 2 0 6 1
0 9 0 7 0 5 4 2 3 6 1
0 7 0 1 7 5 4 2 0 3 6
0 5 0 1 7 5 4 3 6 0 2
0 5 0 1 0 5 4 3 7 6 2
0 4 0 1 7 5 2 3 0 6 4
0 9 0 1 7 5 6 2 3 0 4
0 8 0 0 7 5 1 2 3 6 4
0 7 0 1 7 0 5 2 3 6 4
0 8 0 0 7 5 4 2 3 6 1
0 6 0 1 7 5 4 2 3 0 6
0 4 0 1 7 5 4 3 0 6 2
0 3 0 1 7 5 2 0 3 6 4
0 6 0 1 7 5 0 2 3 6 4
0 5 0 1 7 5 4 2 3 6 0
0 3 0 1 7 5 4 0 3 6 2
0 1 0 1 7 5 2 4 3 6 0
0 0 0 1 7 5 0 4 3 6 2
