0 12 0 0 2 3 4 5 6 7 1
0 11 0 2 0 3 4 5 6 7 1
0 10 0 2 6 3 4 5 0 7 1
0 9 0 6 2 3 4 5 0 7 1
0 8 0 6 0 3 4 5 2 7 1
0 8 0 1 0 3 4 2 6 7 5
0 7 0 1 6 3 4 2 0 7 5
0 7 0 1 0 3 4 5 6 2 7
0 6 0 1 6 3 4 5 0 2 7
0 7 0 0 6 3 4 5 2 7 1
0 6 0 1 6 3 4 0 2 7 5
0 5 0 1 6 3 4 5 2 0 7
0 4 0 1 6 3 4 5 2 7 0
0 3 0 1 6 3 0 5 2 7 4
0 1 0 0 6 3 1 5 2 7 4
0 0 0 5 6 3 1 0 2 7 4
0 12 0 0 2 3 4 5 6 7 1
0 11 0 2 0 3 4 5 6 7 1
0 10 0 2 6 3 4 5 0 7 1
0 9 0 6 2 3 4 5 0 7 1
0 8 0 6 0 3 4 5 2 7 1
0 8 0 1 0 3 4 2 6 7 5
0 7 0 1 6 3 4 2 0 7 5
0 7 0 1 0 3 4 5 6 2 7
0 6 0 1 6 3 4 5 0 2 7
0 7 0 0 6 3 4 5 2 7 1
0 6 0 1 6 3 4 0 2 7 5
0 5 0 1 6 3 4 5 2 0 7
0 4 0 1 6 3 4 5 2 7 0
0 3 0 1 6 3 0 5 2 7 4
0 1 0 0 6 3 1 5 2 7 4
0 0 0 5 6 3 1 0 2 7 4
0 12 0 0 2 3 4 5 6 7 1
0 11 0 2 0 3 4 5 6 7 1
0 10 0 2 6 3 4 5 0 7 1
0 9 0 6 2 3 4 5 0 7 1
0 8 0 6 0 3 4 5 2 7 1
0 8 0 1 0 3 4 2 6 7 5
0 7 0 1 6 3 4 2 0 7 5
0 7 0 1 0 3 4 5 6 2 7
0 6 0 1 6 3 4 5 0 2 7
0 7 0 0 6 3 4 5 2 7 1
0 6 0 1 6 3 4 0 2 7 5
0 5 0 1 6 3 4 5 2 0 7
0 4 0 1 6 3 4 5 2 7 0
0 3 0 1 6 3 0 5 2 7 4
0 1 0 0 6 3 1 5 2 7 4
0 0 0 5 6 3 1 0 2 7 4
