0 35 0 0 2 3 4 5 6 7 1
0 34 0 5 2 3 4 0 6 7 1
0 33 0 5 2 3 4 6 0 7 1
0 32 0 6 2 3 4 5 0 7 1
0 31 0 6 2 3 4 0 5 7 1
0 29 0 1 2 3 4 6 0 5 7
0 29 0 6 2 3 4 1 5 7 0
0 29 0 5 2 3 4 1 0 7 6
0 29 0 6 1 3 4 5 2 7 0
0 29 0 2 1 3 4 5 0 7 6
0 35 0 0 2 3 4 5 6 1 7
0 32 0 7 2 3 4 5 6 1 0
0 31 0 7 2 3 4 5 6 0 1
0 30 0 7 2 3 4 5 0 6 1
0 31 0 1 2 3 4 0 6 5 7
0 29 0 1 2 3 4 7 6 5 0
0 28 0 1 2 3 4 7 6 0 5
0 27 0 1 2 3 4 7 0 6 5
0 30 0 0 2 3 4 6 5 7 1
0 28 0 1 2 3 4 6 5 0 7
0 28 0 1 2 3 0 4 5 7 6
0 26 0 0 2 3 4 1 5 7 6
0 26 0 1 3 0 4 5 2 7 6
0 26 0 0 1 3 4 5 2 7 6
0 27 0 0 2 3 4 5 7 6 1
0 26 0 1 2 3 4 0 7 6 5
0 25 0 1 2 3 0 5 7 6 4
0 24 0 1 2 0 4 5 7 3 6
0 23 0 1 2 3 0 6 5 7 4
0 22 0 1 2 3 6 4 5 7 0
0 27 0 1 2 3 4 6 5 7 0
0 25 0 1 2 3 4 0 5 7 6
0 25 0 1 0 3 4 5 2 7 6
0 24 0 1 2 3 4 5 7 6 0
0 24 0 1 2 3 4 5 0 7 6
0 23 0 1 2 3 4 5 7 0 6
0 20 0 1 2 3 0 5 7 4 6
0 20 0 1 2 3 6 0 5 7 4
0 20 0 1 0 3 6 5 2 7 4
0 19 0 1 2 3 6 5 7 4 0
0 19 0 1 2 3 6 5 0 7 4
0 18 0 1 2 3 6 5 7 0 4
0 17 0 1 2 0 6 5 7 3 4
0 20 0 1 2 4 6 5 0 7 3
0 19 0 1 2 4 6 5 7 0 3
0 17 0 1 2 4 3 5 7 6 0
0 17 0 1 7 2 4 5 0 6 3
0 22 0 5 2 6 4 3 0 7 1
0 18 0 1 2 6 4 3 0 5 7
0 18 0 1 2 0 4 3 5 6 7
0 20 0 1 2 6 3 0 5 7 4
0 18 0 1 2 0 6 3 5 7 4
0 17 0 1 6 4 3 5 2 7 0
0 17 0 1 6 7 4 5 2 3 0
0 21 0 1 7 2 4 5 6 3 0
0 20 0 1 7 2 4 5 6 0 3
0 19 0 1 7 0 4 5 6 2 3
0 18 0 1 0 7 4 5 6 2 3
0 17 0 1 6 7 4 5 0 2 3
0 18 0 1 2 0 6 4 5 7 3
0 18 0 1 2 6 3 4 5 7 0
0 18 0 3 2 6 4 1 5 7 0
0 18 0 3 1 6 4 5 2 7 0
0 13 0 4 2 0 6 5 1 7 3
0 13 0 4 2 6 3 5 1 7 0
0 12 0 2 6 0 4 5 1 7 3
0 12 0 2 1 6 4 5 0 7 3
0 12 0 5 2 6 4 1 0 7 3
0 9 0 3 2 6 4 5 0 1 7
0 9 0 3 2 0 4 5 1 6 7
0 13 0 1 2 6 3 5 0 7 4
0 10 0 0 2 6 3 5 1 7 4
0 9 0 3 2 0 6 5 1 7 4
0 19 0 3 2 6 4 5 7 0 1
0 19 0 3 2 6 4 0 5 7 1
0 19 0 3 0 6 4 5 2 7 1
0 15 0 1 2 6 4 0 5 3 7
0 15 0 1 0 6 4 5 2 3 7
0 15 0 1 2 4 0 5 3 6 7
0 15 0 1 0 2 4 5 3 6 7
0 15 0 1 0 2 6 5 3 7 4
0 15 0 1 2 7 6 5 3 0 4
0 17 0 4 2 6 0 5 3 7 1
0 16 0 2 0 6 4 5 3 7 1
0 16 0 5 2 6 4 0 3 7 1
0 16 0 1 2 6 5 0 3 7 4
0 16 0 1 2 6 7 5 3 0 4
0 15 0 0 2 6 1 5 3 7 4
0 13 0 1 2 6 0 4 3 7 5
0 11 0 0 2 6 4 1 3 7 5
0 10 0 1 2 6 4 3 7 0 5
0 10 0 1 0 6 4 3 2 7 5
0 9 0 5 2 6 4 3 1 7 0
0 18 0 0 2 6 4 5 7 3 1
0 17 0 1 2 6 4 0 7 3 5
0 16 0 1 2 6 0 5 7 3 4
0 16 0 1 2 4 0 5 7 6 3
0 16 0 1 0 2 4 5 7 6 3
0 19 0 0 2 6 4 3 5 7 1
0 17 0 1 2 6 4 3 5 0 7
0 17 0 1 2 6 0 3 5 7 4
0 16 0 1 6 4 0 5 2 7 3
0 16 0 1 6 7 4 5 2 0 3
0 17 0 1 2 6 0 4 5 7 3
0 15 0 0 2 6 4 1 5 7 3
0 15 0 0 1 6 4 5 2 7 3
0 12 0 4 2 6 0 5 1 7 3
0 11 0 2 0 6 4 5 1 7 3
0 11 0 5 2 6 4 0 1 7 3
0 8 0 3 2 6 4 5 1 0 7
0 8 0 3 2 6 0 5 1 7 4
0 18 0 3 2 6 4 5 0 7 1
0 14 0 1 2 6 4 5 0 3 7
0 14 0 1 2 0 4 5 3 6 7
0 14 0 1 2 0 6 5 3 7 4
0 15 0 0 2 6 4 5 3 7 1
0 13 0 1 2 6 4 5 3 0 7
0 13 0 1 2 6 0 5 3 7 4
0 12 0 1 2 6 4 5 3 7 0
0 10 0 1 2 6 4 0 3 7 5
0 9 0 1 2 6 4 3 0 7 5
0 6 0 0 2 6 4 3 1 7 5
0 15 0 1 2 6 4 5 7 3 0
0 15 0 1 2 0 4 5 7 6 3
0 16 0 1 2 6 4 3 5 7 0
0 15 0 1 6 0 4 5 2 7 3
0 14 0 1 2 6 4 5 7 0 3
0 14 0 1 2 6 4 0 5 7 3
0 14 0 1 0 6 4 5 2 7 3
0 13 0 1 2 6 4 5 0 7 3
0 10 0 0 2 6 4 5 1 7 3
0 7 0 3 2 6 4 5 1 7 0
0 5 0 3 2 6 4 0 1 7 5
0 4 0 3 2 6 4 1 0 7 5
0 3 0 3 2 6 4 1 7 0 5
0 0 0 3 2 6 0 1 7 4 5
0 35 0 0 2 3 4 5 6 7 1
0 34 0 5 2 3 4 0 6 7 1
0 33 0 5 2 3 4 6 0 7 1
0 32 0 6 2 3 4 5 0 7 1
0 31 0 6 2 3 4 0 5 7 1
0 29 0 1 2 3 4 6 0 5 7
0 29 0 6 2 3 4 1 5 7 0
0 29 0 5 2 3 4 1 0 7 6
0 29 0 6 1 3 4 5 2 7 0
0 29 0 2 1 3 4 5 0 7 6
0 35 0 0 2 3 4 5 6 1 7
0 32 0 7 2 3 4 5 6 1 0
0 31 0 7 2 3 4 5 6 0 1
0 30 0 7 2 3 4 5 0 6 1
0 31 0 1 2 3 4 0 6 5 7
0 29 0 1 2 3 4 7 6 5 0
0 28 0 1 2 3 4 7 6 0 5
0 27 0 1 2 3 4 7 0 6 5
0 30 0 0 2 3 4 6 5 7 1
0 28 0 1 2 3 4 6 5 0 7
0 28 0 1 2 3 0 4 5 7 6
0 26 0 0 2 3 4 1 5 7 6
0 26 0 1 3 0 4 5 2 7 6
0 26 0 0 1 3 4 5 2 7 6
0 27 0 0 2 3 4 5 7 6 1
0 26 0 1 2 3 4 0 7 6 5
0 25 0 1 2 3 0 5 7 6 4
0 24 0 1 2 0 4 5 7 3 6
0 23 0 1 2 3 0 6 5 7 4
0 22 0 1 2 3 6 4 5 7 0
0 27 0 1 2 3 4 6 5 7 0
0 25 0 1 2 3 4 0 5 7 6
0 25 0 1 0 3 4 5 2 7 6
0 24 0 1 2 3 4 5 7 6 0
0 24 0 1 2 3 4 5 0 7 6
0 23 0 1 2 3 4 5 7 0 6
0 20 0 1 2 3 0 5 7 4 6
0 20 0 1 2 3 6 0 5 7 4
0 20 0 1 0 3 6 5 2 7 4
0 19 0 1 2 3 6 5 7 4 0
0 19 0 1 2 3 6 5 0 7 4
0 18 0 1 2 3 6 5 7 0 4
0 17 0 1 2 0 6 5 7 3 4
0 20 0 1 2 4 6 5 0 7 3
0 19 0 1 2 4 6 5 7 0 3
0 17 0 1 2 4 3 5 7 6 0
0 17 0 1 7 2 4 5 0 6 3
0 22 0 5 2 6 4 3 0 7 1
0 18 0 1 2 6 4 3 0 5 7
0 18 0 1 2 0 4 3 5 6 7
0 20 0 1 2 6 3 0 5 7 4
0 18 0 1 2 0 6 3 5 7 4
0 17 0 1 6 4 3 5 2 7 0
0 17 0 1 6 7 4 5 2 3 0
0 21 0 1 7 2 4 5 6 3 0
0 20 0 1 7 2 4 5 6 0 3
0 19 0 1 7 0 4 5 6 2 3
0 18 0 1 0 7 4 5 6 2 3
0 17 0 1 6 7 4 5 0 2 3
0 18 0 1 2 0 6 4 5 7 3
0 18 0 1 2 6 3 4 5 7 0
0 18 0 3 2 6 4 1 5 7 0
0 18 0 3 1 6 4 5 2 7 0
0 13 0 4 2 0 6 5 1 7 3
0 13 0 4 2 6 3 5 1 7 0
0 12 0 2 6 0 4 5 1 7 3
0 12 0 2 1 6 4 5 0 7 3
0 12 0 5 2 6 4 1 0 7 3
0 9 0 3 2 6 4 5 0 1 7
0 9 0 3 2 0 4 5 1 6 7
0 13 0 1 2 6 3 5 0 7 4
0 10 0 0 2 6 3 5 1 7 4
0 9 0 3 2 0 6 5 1 7 4
0 19 0 3 2 6 4 5 7 0 1
0 19 0 3 2 6 4 0 5 7 1
0 19 0 3 0 6 4 5 2 7 1
0 15 0 1 2 6 4 0 5 3 7
0 15 0 1 0 6 4 5 2 3 7
0 15 0 1 2 4 0 5 3 6 7
0 15 0 1 0 2 4 5 3 6 7
0 15 0 1 0 2 6 5 3 7 4
0 15 0 1 2 7 6 5 3 0 4
0 17 0 4 2 6 0 5 3 7 1
0 16 0 2 0 6 4 5 3 7 1
0 16 0 5 2 6 4 0 3 7 1
0 16 0 1 2 6 5 0 3 7 4
0 16 0 1 2 6 7 5 3 0 4
0 15 0 0 2 6 1 5 3 7 4
0 13 0 1 2 6 0 4 3 7 5
0 11 0 0 2 6 4 1 3 7 5
0 10 0 1 2 6 4 3 7 0 5
0 10 0 1 0 6 4 3 2 7 5
0 9 0 5 2 6 4 3 1 7 0
0 18 0 0 2 6 4 5 7 3 1
0 17 0 1 2 6 4 0 7 3 5
0 16 0 1 2 6 0 5 7 3 4
0 16 0 1 2 4 0 5 7 6 3
0 16 0 1 0 2 4 5 7 6 3
0 19 0 0 2 6 4 3 5 7 1
0 17 0 1 2 6 4 3 5 0 7
0 17 0 1 2 6 0 3 5 7 4
0 16 0 1 6 4 0 5 2 7 3
0 16 0 1 6 7 4 5 2 0 3
0 17 0 1 2 6 0 4 5 7 3
0 15 0 0 2 6 4 1 5 7 3
0 15 0 0 1 6 4 5 2 7 3
0 12 0 4 2 6 0 5 1 7 3
0 11 0 2 0 6 4 5 1 7 3
0 11 0 5 2 6 4 0 1 7 3
0 8 0 3 2 6 4 5 1 0 7
0 8 0 3 2 6 0 5 1 7 4
0 18 0 3 2 6 4 5 0 7 1
0 14 0 1 2 6 4 5 0 3 7
0 14 0 1 2 0 4 5 3 6 7
0 14 0 1 2 0 6 5 3 7 4
0 15 0 0 2 6 4 5 3 7 1
0 13 0 1 2 6 4 5 3 0 7
0 13 0 1 2 6 0 5 3 7 4
0 12 0 1 2 6 4 5 3 7 0
0 10 0 1 2 6 4 0 3 7 5
0 9 0 1 2 6 4 3 0 7 5
0 6 0 0 2 6 4 3 1 7 5
0 15 0 1 2 6 4 5 7 3 0
0 15 0 1 2 0 4 5 7 6 3
0 16 0 1 2 6 4 3 5 7 0
0 15 0 1 6 0 4 5 2 7 3
0 14 0 1 2 6 4 5 7 0 3
0 14 0 1 2 6 4 0 5 7 3
0 14 0 1 0 6 4 5 2 7 3
0 13 0 1 2 6 4 5 0 7 3
0 10 0 0 2 6 4 5 1 7 3
0 7 0 3 2 6 4 5 1 7 0
0 5 0 3 2 6 4 0 1 7 5
0 4 0 3 2 6 4 1 0 7 5
0 3 0 3 2 6 4 1 7 0 5
0 0 0 3 2 6 0 1 7 4 5
0 35 0 0 2 3 4 5 6 7 1
0 34 0 5 2 3 4 0 6 7 1
0 33 0 5 2 3 4 6 0 7 1
0 32 0 6 2 3 4 5 0 7 1
0 31 0 6 2 3 4 0 5 7 1
0 29 0 1 2 3 4 6 0 5 7
0 29 0 6 2 3 4 1 5 7 0
0 29 0 5 2 3 4 1 0 7 6
0 29 0 6 1 3 4 5 2 7 0
0 29 0 2 1 3 4 5 0 7 6
0 35 0 0 2 3 4 5 6 1 7
0 32 0 7 2 3 4 5 6 1 0
0 31 0 7 2 3 4 5 6 0 1
0 30 0 7 2 3 4 5 0 6 1
0 31 0 1 2 3 4 0 6 5 7
0 29 0 1 2 3 4 7 6 5 0
0 28 0 1 2 3 4 7 6 0 5
0 27 0 1 2 3 4 7 0 6 5
0 30 0 0 2 3 4 6 5 7 1
0 28 0 1 2 3 4 6 5 0 7
0 28 0 1 2 3 0 4 5 7 6
0 26 0 0 2 3 4 1 5 7 6
0 26 0 1 3 0 4 5 2 7 6
0 26 0 0 1 3 4 5 2 7 6
0 27 0 0 2 3 4 5 7 6 1
0 26 0 1 2 3 4 0 7 6 5
0 25 0 1 2 3 0 5 7 6 4
0 24 0 1 2 0 4 5 7 3 6
0 23 0 1 2 3 0 6 5 7 4
0 22 0 1 2 3 6 4 5 7 0
0 27 0 1 2 3 4 6 5 7 0
0 25 0 1 2 3 4 0 5 7 6
0 25 0 1 0 3 4 5 2 7 6
0 24 0 1 2 3 4 5 7 6 0
0 24 0 1 2 3 4 5 0 7 6
0 23 0 1 2 3 4 5 7 0 6
0 20 0 1 2 3 0 5 7 4 6
0 20 0 1 2 3 6 0 5 7 4
0 20 0 1 0 3 6 5 2 7 4
0 19 0 1 2 3 6 5 7 4 0
0 19 0 1 2 3 6 5 0 7 4
0 18 0 1 2 3 6 5 7 0 4
0 17 0 1 2 0 6 5 7 3 4
0 20 0 1 2 4 6 5 0 7 3
0 19 0 1 2 4 6 5 7 0 3
0 17 0 1 2 4 3 5 7 6 0
0 17 0 1 7 2 4 5 0 6 3
0 22 0 5 2 6 4 3 0 7 1
0 18 0 1 2 6 4 3 0 5 7
0 18 0 1 2 0 4 3 5 6 7
0 20 0 1 2 6 3 0 5 7 4
0 18 0 1 2 0 6 3 5 7 4
0 17 0 1 6 4 3 5 2 7 0
0 17 0 1 6 7 4 5 2 3 0
0 21 0 1 7 2 4 5 6 3 0
0 20 0 1 7 2 4 5 6 0 3
0 19 0 1 7 0 4 5 6 2 3
0 18 0 1 0 7 4 5 6 2 3
0 17 0 1 6 7 4 5 0 2 3
0 18 0 1 2 0 6 4 5 7 3
0 18 0 1 2 6 3 4 5 7 0
0 18 0 3 2 6 4 1 5 7 0
0 18 0 3 1 6 4 5 2 7 0
0 13 0 4 2 0 6 5 1 7 3
0 13 0 4 2 6 3 5 1 7 0
0 12 0 2 6 0 4 5 1 7 3
0 12 0 2 1 6 4 5 0 7 3
0 12 0 5 2 6 4 1 0 7 3
0 9 0 3 2 6 4 5 0 1 7
0 9 0 3 2 0 4 5 1 6 7
0 13 0 1 2 6 3 5 0 7 4
0 10 0 0 2 6 3 5 1 7 4
0 9 0 3 2 0 6 5 1 7 4
0 19 0 3 2 6 4 5 7 0 1
0 19 0 3 2 6 4 0 5 7 1
0 19 0 3 0 6 4 5 2 7 1
0 15 0 1 2 6 4 0 5 3 7
0 15 0 1 0 6 4 5 2 3 7
0 15 0 1 2 4 0 5 3 6 7
0 15 0 1 0 2 4 5 3 6 7
0 15 0 1 0 2 6 5 3 7 4
0 15 0 1 2 7 6 5 3 0 4
0 17 0 4 2 6 0 5 3 7 1
0 16 0 2 0 6 4 5 3 7 1
0 16 0 5 2 6 4 0 3 7 1
0 16 0 1 2 6 5 0 3 7 4
0 16 0 1 2 6 7 5 3 0 4
0 15 0 0 2 6 1 5 3 7 4
0 13 0 1 2 6 0 4 3 7 5
0 11 0 0 2 6 4 1 3 7 5
0 10 0 1 2 6 4 3 7 0 5
0 10 0 1 0 6 4 3 2 7 5
0 9 0 5 2 6 4 3 1 7 0
0 18 0 0 2 6 4 5 7 3 1
0 17 0 1 2 6 4 0 7 3 5
0 16 0 1 2 6 0 5 7 3 4
0 16 0 1 2 4 0 5 7 6 3
0 16 0 1 0 2 4 5 7 6 3
0 19 0 0 2 6 4 3 5 7 1
0 17 0 1 2 6 4 3 5 0 7
0 17 0 1 2 6 0 3 5 7 4
0 16 0 1 6 4 0 5 2 7 3
0 16 0 1 6 7 4 5 2 0 3
0 17 0 1 2 6 0 4 5 7 3
0 15 0 0 2 6 4 1 5 7 3
0 15 0 0 1 6 4 5 2 7 3
0 12 0 4 2 6 0 5 1 7 3
0 11 0 2 0 6 4 5 1 7 3
0 11 0 5 2 6 4 0 1 7 3
0 8 0 3 2 6 4 5 1 0 7
0 8 0 3 2 6 0 5 1 7 4
0 18 0 3 2 6 4 5 0 7 1
0 14 0 1 2 6 4 5 0 3 7
0 14 0 1 2 0 4 5 3 6 7
0 14 0 1 2 0 6 5 3 7 4
0 15 0 0 2 6 4 5 3 7 1
0 13 0 1 2 6 4 5 3 0 7
0 13 0 1 2 6 0 5 3 7 4
0 12 0 1 2 6 4 5 3 7 0
0 10 0 1 2 6 4 0 3 7 5
0 9 0 1 2 6 4 3 0 7 5
0 6 0 0 2 6 4 3 1 7 5
0 15 0 1 2 6 4 5 7 3 0
0 15 0 1 2 0 4 5 7 6 3
0 16 0 1 2 6 4 3 5 7 0
0 15 0 1 6 0 4 5 2 7 3
0 14 0 1 2 6 4 5 7 0 3
0 14 0 1 2 6 4 0 5 7 3
0 14 0 1 0 6 4 5 2 7 3
0 13 0 1 2 6 4 5 0 7 3
0 10 0 0 2 6 4 5 1 7 3
0 7 0 3 2 6 4 5 1 7 0
0 5 0 3 2 6 4 0 1 7 5
0 4 0 3 2 6 4 1 0 7 5
0 3 0 3 2 6 4 1 7 0 5
0 0 0 3 2 6 0 1 7 4 5
