0 7 0 1 2 3 4 0 6 7 5
0 6 0 0 2 3 4 1 6 7 5
0 5 0 2 0 3 4 1 6 7 5
0 4 0 2 6 3 4 1 0 7 5
0 3 0 2 6 3 4 1 7 0 5
0 2 0 2 6 3 4 1 7 5 0
0 1 0 2 6 3 0 1 7 5 4
0 1 0 2 6 5 3 1 7 0 4
0 0 0 2 6 0 3 1 7 5 4
0 7 0 1 2 3 4 0 6 7 5
0 6 0 0 2 3 4 1 6 7 5
0 5 0 2 0 3 4 1 6 7 5
0 4 0 2 6 3 4 1 0 7 5
0 3 0 2 6 3 4 1 7 0 5
0 2 0 2 6 3 4 1 7 5 0
0 1 0 2 6 3 0 1 7 5 4
0 1 0 2 6 5 3 1 7 0 4
0 0 0 2 6 0 3 1 7 5 4
0 7 0 1 2 3 4 0 6 7 5
0 6 0 0 2 3 4 1 6 7 5
0 5 0 2 0 3 4 1 6 7 5
0 4 0 2 6 3 4 1 0 7 5
0 3 0 2 6 3 4 1 7 0 5
0 2 0 2 6 3 4 1 7 5 0
0 1 0 2 6 3 0 1 7 5 4
0 1 0 2 6 5 3 1 7 0 4
0 0 0 2 6 0 3 1 7 5 4
