0 16 0 1 3 5 7 2 4 0 6
0 13 0 1 3 5 0 2 4 7 6
0 11 0 0 3 5 1 2 4 7 6
0 16 0 0 3 5 7 2 4 1 6
0 13 0 6 3 5 7 2 4 1 0
0 12 0 6 3 5 7 2 4 0 1
0 9 0 6 3 5 0 2 4 7 1
0 8 0 6 3 5 1 2 4 7 0
0 7 0 6 3 5 1 2 4 0 7
0 6 0 6 3 0 1 2 4 5 7
0 6 0 7 3 1 6 2 4 5 0
0 8 0 6 3 0 7 2 4 1 5
0 9 0 0 3 1 7 2 4 5 6
0 7 0 6 3 1 7 2 4 0 5
0 6 0 6 3 1 7 2 4 5 0
0 5 0 6 3 1 0 2 4 5 7
0 3 0 0 3 1 6 2 4 5 7
0 2 0 2 3 1 6 0 4 5 7
0 1 0 2 3 1 6 4 0 5 7
0 0 0 2 0 1 6 4 3 5 7
0 16 0 1 3 5 7 2 4 0 6
0 13 0 1 3 5 0 2 4 7 6
0 11 0 0 3 5 1 2 4 7 6
0 16 0 0 3 5 7 2 4 1 6
0 13 0 6 3 5 7 2 4 1 0
0 12 0 6 3 5 7 2 4 0 1
0 9 0 6 3 5 0 2 4 7 1
0 8 0 6 3 5 1 2 4 7 0
0 7 0 6 3 5 1 2 4 0 7
0 6 0 6 3 0 1 2 4 5 7
0 6 0 7 3 1 6 2 4 5 0
0 8 0 6 3 0 7 2 4 1 5
0 9 0 0 3 1 7 2 4 5 6
0 7 0 6 3 1 7 2 4 0 5
0 6 0 6 3 1 7 2 4 5 0
0 5 0 6 3 1 0 2 4 5 7
0 3 0 0 3 1 6 2 4 5 7
0 2 0 2 3 1 6 0 4 5 7
0 1 0 2 3 1 6 4 0 5 7
0 0 0 2 0 1 6 4 3 5 7
0 16 0 1 3 5 7 2 4 0 6
0 13 0 1 3 5 0 2 4 7 6
0 11 0 0 3 5 1 2 4 7 6
0 16 0 0 3 5 7 2 4 1 6
0 13 0 6 3 5 7 2 4 1 0
0 12 0 6 3 5 7 2 4 0 1
0 9 0 6 3 5 0 2 4 7 1
0 8 0 6 3 5 1 2 4 7 0
0 7 0 6 3 5 1 2 4 0 7
0 6 0 6 3 0 1 2 4 5 7
0 6 0 7 3 1 6 2 4 5 0
0 8 0 6 3 0 7 2 4 1 5
0 9 0 0 3 1 7 2 4 5 6
0 7 0 6 3 1 7 2 4 0 5
0 6 0 6 3 1 7 2 4 5 0
0 5 0 6 3 1 0 2 4 5 7
0 3 0 0 3 1 6 2 4 5 7
0 2 0 2 3 1 6 0 4 5 7
0 1 0 2 3 1 6 4 0 5 7
0 0 0 2 0 1 6 4 3 5 7
