0 17 0 1 3 5 7 2 4 0 6
0 14 0 1 3 5 0 2 4 7 6
0 13 0 1 3 0 5 2 4 7 6
0 18 0 0 3 6 7 2 4 5 1
0 17 0 1 3 6 7 0 4 5 2
0 16 0 1 3 6 0 2 4 5 7
0 15 0 0 1 3 7 2 4 6 5
0 15 0 1 4 3 7 2 0 6 5
0 15 0 1 3 6 7 2 0 4 5
0 15 0 1 3 7 6 2 4 0 5
0 14 0 0 3 7 1 2 4 6 5
0 14 0 0 3 7 5 2 4 6 1
0 12 0 1 3 7 5 2 4 0 6
0 9 0 1 3 7 2 0 4 6 5
0 15 0 1 3 6 7 2 4 5 0
0 14 0 1 0 3 7 2 4 6 5
0 14 0 1 3 6 7 2 4 0 5
0 13 0 1 3 0 7 2 4 6 5
0 12 0 1 3 7 0 2 4 6 5
0 11 0 1 3 7 5 2 4 6 0
0 9 0 1 3 7 5 0 4 6 2
0 7 0 1 3 7 2 5 4 6 0
0 6 0 1 3 7 0 5 4 6 2
0 6 0 1 0 3 7 5 4 6 2
0 5 0 1 3 6 7 0 4 2 5
0 5 0 1 3 0 7 5 4 6 2
0 4 0 1 3 6 7 5 4 0 2
0 3 0 1 3 6 7 5 4 2 0
0 2 0 1 3 6 0 5 4 2 7
0 0 0 0 3 6 1 5 4 2 7
0 17 0 1 3 5 7 2 4 0 6
0 14 0 1 3 5 0 2 4 7 6
0 13 0 1 3 0 5 2 4 7 6
0 18 0 0 3 6 7 2 4 5 1
0 17 0 1 3 6 7 0 4 5 2
0 16 0 1 3 6 0 2 4 5 7
0 15 0 0 1 3 7 2 4 6 5
0 15 0 1 4 3 7 2 0 6 5
0 15 0 1 3 6 7 2 0 4 5
0 15 0 1 3 7 6 2 4 0 5
0 14 0 0 3 7 1 2 4 6 5
0 14 0 0 3 7 5 2 4 6 1
0 12 0 1 3 7 5 2 4 0 6
0 9 0 1 3 7 2 0 4 6 5
0 15 0 1 3 6 7 2 4 5 0
0 14 0 1 0 3 7 2 4 6 5
0 14 0 1 3 6 7 2 4 0 5
0 13 0 1 3 0 7 2 4 6 5
0 12 0 1 3 7 0 2 4 6 5
0 11 0 1 3 7 5 2 4 6 0
0 9 0 1 3 7 5 0 4 6 2
0 7 0 1 3 7 2 5 4 6 0
0 6 0 1 3 7 0 5 4 6 2
0 6 0 1 0 3 7 5 4 6 2
0 5 0 1 3 6 7 0 4 2 5
0 5 0 1 3 0 7 5 4 6 2
0 4 0 1 3 6 7 5 4 0 2
0 3 0 1 3 6 7 5 4 2 0
0 2 0 1 3 6 0 5 4 2 7
0 0 0 0 3 6 1 5 4 2 7
0 17 0 1 3 5 7 2 4 0 6
0 14 0 1 3 5 0 2 4 7 6
0 13 0 1 3 0 5 2 4 7 6
0 18 0 0 3 6 7 2 4 5 1
0 17 0 1 3 6 7 0 4 5 2
0 16 0 1 3 6 0 2 4 5 7
0 15 0 0 1 3 7 2 4 6 5
0 15 0 1 4 3 7 2 0 6 5
0 15 0 1 3 6 7 2 0 4 5
0 15 0 1 3 7 6 2 4 0 5
0 14 0 0 3 7 1 2 4 6 5
0 14 0 0 3 7 5 2 4 6 1
0 12 0 1 3 7 5 2 4 0 6
0 9 0 1 3 7 2 0 4 6 5
0 15 0 1 3 6 7 2 4 5 0
0 14 0 1 0 3 7 2 4 6 5
0 14 0 1 3 6 7 2 4 0 5
0 13 0 1 3 0 7 2 4 6 5
0 12 0 1 3 7 0 2 4 6 5
0 11 0 1 3 7 5 2 4 6 0
0 9 0 1 3 7 5 0 4 6 2
0 7 0 1 3 7 2 5 4 6 0
0 6 0 1 3 7 0 5 4 6 2
0 6 0 1 0 3 7 5 4 6 2
0 5 0 1 3 6 7 0 4 2 5
0 5 0 1 3 0 7 5 4 6 2
0 4 0 1 3 6 7 5 4 0 2
0 3 0 1 3 6 7 5 4 2 0
0 2 0 1 3 6 0 5 4 2 7
0 0 0 0 3 6 1 5 4 2 7
