0 25 0 1 2 3 4 0 6 7 5
0 22 0 1 2 3 0 4 6 7 5
0 21 0 1 2 3 5 4 6 7 0
0 20 0 1 2 3 5 4 6 0 7
0 18 0 1 2 3 7 0 6 5 4
0 23 0 1 2 3 4 7 6 0 5
0 22 0 1 2 3 4 7 6 5 0
0 20 0 1 2 3 4 0 6 5 7
0 17 0 1 2 3 0 4 6 5 7
0 16 0 1 2 3 7 4 6 5 0
0 15 0 1 2 3 7 4 6 0 5
0 14 0 1 2 3 7 4 0 6 5
0 14 0 0 2 3 7 1 4 6 5
0 15 0 1 2 3 5 0 4 6 7
0 14 0 0 2 3 1 5 4 6 7
0 13 0 1 2 0 3 5 4 6 7
0 16 0 1 2 3 7 6 4 0 5
0 14 0 1 2 0 3 6 4 7 5
0 12 0 1 2 3 6 4 7 0 5
0 12 0 1 0 3 6 4 2 7 5
0 11 0 1 2 3 6 0 5 4 7
0 11 0 1 0 3 6 5 2 4 7
0 15 0 0 2 3 5 6 4 7 1
0 13 0 1 2 3 5 6 4 0 7
0 12 0 1 2 3 5 4 7 0 6
0 12 0 1 0 3 5 4 2 7 6
0 14 0 0 2 3 7 5 4 6 1
0 12 0 1 2 3 7 0 5 4 6
0 12 0 1 0 3 7 5 2 4 6
0 9 0 4 2 3 6 5 7 0 1
0 9 0 4 2 3 6 0 5 7 1
0 9 0 4 0 3 6 5 2 7 1
0 11 0 0 2 3 6 1 4 7 5
0 10 0 1 2 0 6 5 4 3 7
0 11 0 0 2 3 5 1 4 7 6
0 11 0 1 2 0 7 5 4 3 6
0 9 0 1 0 2 3 5 4 7 6
0 9 0 1 2 7 3 5 4 0 6
0 9 0 4 2 3 1 5 7 0 6
0 9 0 4 2 3 1 0 5 7 6
0 9 0 4 0 3 1 5 2 7 6
0 6 0 2 0 3 6 5 4 7 1
0 6 0 5 2 3 6 0 4 7 1
0 6 0 2 0 3 1 5 4 7 6
0 6 0 5 2 3 1 0 4 7 6
0 6 0 6 2 3 5 0 4 7 1
0 6 0 6 2 3 7 5 4 0 1
0 4 0 6 2 0 3 5 4 7 1
0 3 0 6 2 3 1 5 4 0 7
0 3 0 6 2 3 0 1 4 7 5
0 1 0 6 2 3 1 4 0 7 5
0 1 0 0 2 3 1 6 4 7 5
0 13 0 1 2 3 7 0 4 6 5
0 12 0 1 2 3 0 5 4 6 7
0 13 0 1 2 3 0 6 4 7 5
0 11 0 1 2 3 6 4 0 7 5
0 10 0 1 2 3 6 5 0 4 7
0 12 0 1 2 3 5 6 4 7 0
0 11 0 1 2 3 5 4 0 7 6
0 11 0 1 2 3 7 5 4 6 0
0 11 0 1 2 3 7 5 0 4 6
0 8 0 4 2 3 6 5 0 7 1
0 10 0 1 2 3 6 0 4 7 5
0 9 0 1 2 3 6 5 4 0 7
0 10 0 1 2 3 5 0 4 7 6
0 10 0 1 2 3 7 5 4 0 6
0 8 0 1 2 0 3 5 4 7 6
0 8 0 4 2 3 1 5 0 7 6
0 5 0 0 2 3 6 5 4 7 1
0 8 0 1 2 3 6 5 4 7 0
0 7 0 1 2 3 0 5 4 7 6
0 5 0 0 2 3 1 5 4 7 6
0 3 0 6 2 3 0 5 4 7 1
0 2 0 6 2 3 1 5 4 7 0
0 0 0 6 2 3 1 0 4 7 5
0 25 0 1 2 3 4 0 6 7 5
0 22 0 1 2 3 0 4 6 7 5
0 21 0 1 2 3 5 4 6 7 0
0 20 0 1 2 3 5 4 6 0 7
0 18 0 1 2 3 7 0 6 5 4
0 23 0 1 2 3 4 7 6 0 5
0 22 0 1 2 3 4 7 6 5 0
0 20 0 1 2 3 4 0 6 5 7
0 17 0 1 2 3 0 4 6 5 7
0 16 0 1 2 3 7 4 6 5 0
0 15 0 1 2 3 7 4 6 0 5
0 14 0 1 2 3 7 4 0 6 5
0 14 0 0 2 3 7 1 4 6 5
0 15 0 1 2 3 5 0 4 6 7
0 14 0 0 2 3 1 5 4 6 7
0 13 0 1 2 0 3 5 4 6 7
0 16 0 1 2 3 7 6 4 0 5
0 14 0 1 2 0 3 6 4 7 5
0 12 0 1 2 3 6 4 7 0 5
0 12 0 1 0 3 6 4 2 7 5
0 11 0 1 2 3 6 0 5 4 7
0 11 0 1 0 3 6 5 2 4 7
0 15 0 0 2 3 5 6 4 7 1
0 13 0 1 2 3 5 6 4 0 7
0 12 0 1 2 3 5 4 7 0 6
0 12 0 1 0 3 5 4 2 7 6
0 14 0 0 2 3 7 5 4 6 1
0 12 0 1 2 3 7 0 5 4 6
0 12 0 1 0 3 7 5 2 4 6
0 9 0 4 2 3 6 5 7 0 1
0 9 0 4 2 3 6 0 5 7 1
0 9 0 4 0 3 6 5 2 7 1
0 11 0 0 2 3 6 1 4 7 5
0 10 0 1 2 0 6 5 4 3 7
0 11 0 0 2 3 5 1 4 7 6
0 11 0 1 2 0 7 5 4 3 6
0 9 0 1 0 2 3 5 4 7 6
0 9 0 1 2 7 3 5 4 0 6
0 9 0 4 2 3 1 5 7 0 6
0 9 0 4 2 3 1 0 5 7 6
0 9 0 4 0 3 1 5 2 7 6
0 6 0 2 0 3 6 5 4 7 1
0 6 0 5 2 3 6 0 4 7 1
0 6 0 2 0 3 1 5 4 7 6
0 6 0 5 2 3 1 0 4 7 6
0 6 0 6 2 3 5 0 4 7 1
0 6 0 6 2 3 7 5 4 0 1
0 4 0 6 2 0 3 5 4 7 1
0 3 0 6 2 3 1 5 4 0 7
0 3 0 6 2 3 0 1 4 7 5
0 1 0 6 2 3 1 4 0 7 5
0 1 0 0 2 3 1 6 4 7 5
0 13 0 1 2 3 7 0 4 6 5
0 12 0 1 2 3 0 5 4 6 7
0 13 0 1 2 3 0 6 4 7 5
0 11 0 1 2 3 6 4 0 7 5
0 10 0 1 2 3 6 5 0 4 7
0 12 0 1 2 3 5 6 4 7 0
0 11 0 1 2 3 5 4 0 7 6
0 11 0 1 2 3 7 5 4 6 0
0 11 0 1 2 3 7 5 0 4 6
0 8 0 4 2 3 6 5 0 7 1
0 10 0 1 2 3 6 0 4 7 5
0 9 0 1 2 3 6 5 4 0 7
0 10 0 1 2 3 5 0 4 7 6
0 10 0 1 2 3 7 5 4 0 6
0 8 0 1 2 0 3 5 4 7 6
0 8 0 4 2 3 1 5 0 7 6
0 5 0 0 2 3 6 5 4 7 1
0 8 0 1 2 3 6 5 4 7 0
0 7 0 1 2 3 0 5 4 7 6
0 5 0 0 2 3 1 5 4 7 6
0 3 0 6 2 3 0 5 4 7 1
0 2 0 6 2 3 1 5 4 7 0
0 0 0 6 2 3 1 0 4 7 5
0 25 0 1 2 3 4 0 6 7 5
0 22 0 1 2 3 0 4 6 7 5
0 21 0 1 2 3 5 4 6 7 0
0 20 0 1 2 3 5 4 6 0 7
0 18 0 1 2 3 7 0 6 5 4
0 23 0 1 2 3 4 7 6 0 5
0 22 0 1 2 3 4 7 6 5 0
0 20 0 1 2 3 4 0 6 5 7
0 17 0 1 2 3 0 4 6 5 7
0 16 0 1 2 3 7 4 6 5 0
0 15 0 1 2 3 7 4 6 0 5
0 14 0 1 2 3 7 4 0 6 5
0 14 0 0 2 3 7 1 4 6 5
0 15 0 1 2 3 5 0 4 6 7
0 14 0 0 2 3 1 5 4 6 7
0 13 0 1 2 0 3 5 4 6 7
0 16 0 1 2 3 7 6 4 0 5
0 14 0 1 2 0 3 6 4 7 5
0 12 0 1 2 3 6 4 7 0 5
0 12 0 1 0 3 6 4 2 7 5
0 11 0 1 2 3 6 0 5 4 7
0 11 0 1 0 3 6 5 2 4 7
0 15 0 0 2 3 5 6 4 7 1
0 13 0 1 2 3 5 6 4 0 7
0 12 0 1 2 3 5 4 7 0 6
0 12 0 1 0 3 5 4 2 7 6
0 14 0 0 2 3 7 5 4 6 1
0 12 0 1 2 3 7 0 5 4 6
0 12 0 1 0 3 7 5 2 4 6
0 9 0 4 2 3 6 5 7 0 1
0 9 0 4 2 3 6 0 5 7 1
0 9 0 4 0 3 6 5 2 7 1
0 11 0 0 2 3 6 1 4 7 5
0 10 0 1 2 0 6 5 4 3 7
0 11 0 0 2 3 5 1 4 7 6
0 11 0 1 2 0 7 5 4 3 6
0 9 0 1 0 2 3 5 4 7 6
0 9 0 1 2 7 3 5 4 0 6
0 9 0 4 2 3 1 5 7 0 6
0 9 0 4 2 3 1 0 5 7 6
0 9 0 4 0 3 1 5 2 7 6
0 6 0 2 0 3 6 5 4 7 1
0 6 0 5 2 3 6 0 4 7 1
0 6 0 2 0 3 1 5 4 7 6
0 6 0 5 2 3 1 0 4 7 6
0 6 0 6 2 3 5 0 4 7 1
0 6 0 6 2 3 7 5 4 0 1
0 4 0 6 2 0 3 5 4 7 1
0 3 0 6 2 3 1 5 4 0 7
0 3 0 6 2 3 0 1 4 7 5
0 1 0 6 2 3 1 4 0 7 5
0 1 0 0 2 3 1 6 4 7 5
0 13 0 1 2 3 7 0 4 6 5
0 12 0 1 2 3 0 5 4 6 7
0 13 0 1 2 3 0 6 4 7 5
0 11 0 1 2 3 6 4 0 7 5
0 10 0 1 2 3 6 5 0 4 7
0 12 0 1 2 3 5 6 4 7 0
0 11 0 1 2 3 5 4 0 7 6
0 11 0 1 2 3 7 5 4 6 0
0 11 0 1 2 3 7 5 0 4 6
0 8 0 4 2 3 6 5 0 7 1
0 10 0 1 2 3 6 0 4 7 5
0 9 0 1 2 3 6 5 4 0 7
0 10 0 1 2 3 5 0 4 7 6
0 10 0 1 2 3 7 5 4 0 6
0 8 0 1 2 0 3 5 4 7 6
0 8 0 4 2 3 1 5 0 7 6
0 5 0 0 2 3 6 5 4 7 1
0 8 0 1 2 3 6 5 4 7 0
0 7 0 1 2 3 0 5 4 7 6
0 5 0 0 2 3 1 5 4 7 6
0 3 0 6 2 3 0 5 4 7 1
0 2 0 6 2 3 1 5 4 7 0
0 0 0 6 2 3 1 0 4 7 5
