0 31 0 1 3 5 7 0 4 6 2
0 30 0 0 3 5 7 1 4 6 2
0 28 0 2 3 5 7 1 4 0 6
0 27 0 2 3 5 7 1 4 6 0
0 26 0 2 3 5 0 1 4 6 7
0 25 0 2 3 0 5 1 4 6 7
0 24 0 2 3 6 5 1 4 0 7
0 21 0 2 3 7 5 1 4 0 6
0 21 0 2 3 6 0 1 4 5 7
0 20 0 2 3 7 5 1 4 6 0
0 19 0 2 3 7 0 1 4 6 5
0 20 0 2 3 6 7 1 4 5 0
0 19 0 2 3 6 7 1 4 0 5
0 18 0 2 3 0 7 1 4 6 5
0 17 0 2 0 3 7 1 4 6 5
0 16 0 0 2 3 7 1 4 6 5
0 15 0 1 2 0 3 5 4 6 7
0 17 0 1 2 3 5 0 4 6 7
0 15 0 1 2 3 7 0 4 6 5
0 14 0 1 2 3 0 5 4 6 7
0 13 0 1 2 3 7 5 4 6 0
0 13 0 1 2 3 7 5 0 4 6
0 12 0 1 2 3 7 5 4 0 6
0 10 0 1 4 2 3 5 0 7 6
0 9 0 1 0 2 3 5 4 7 6
0 7 0 1 2 7 5 0 4 3 6
0 10 0 1 2 3 6 5 4 7 0
0 8 0 1 2 7 3 5 4 6 0
0 8 0 1 2 7 3 5 0 4 6
0 9 0 1 2 3 0 5 4 7 6
0 8 0 1 2 0 3 5 4 7 6
0 7 0 1 2 7 3 5 4 0 6
0 4 0 1 2 7 0 5 4 3 6
0 3 0 1 2 7 6 5 4 3 0
0 1 0 1 2 7 6 0 4 3 5
0 1 0 1 0 7 6 4 2 3 5
0 0 0 1 2 7 6 4 0 3 5
