0 22 0 1 2 3 4 5 6 0 7
0 19 0 1 2 3 0 5 6 4 7
0 17 0 0 2 3 1 5 6 4 7
0 22 0 0 2 3 4 5 6 1 7
0 19 0 7 2 3 4 5 6 1 0
0 18 0 7 2 3 4 5 6 0 1
0 15 0 7 2 3 0 5 6 4 1
0 14 0 7 2 3 1 5 6 4 0
0 13 0 7 2 3 1 5 6 0 4
0 12 0 7 2 0 1 5 6 3 4
0 12 0 7 2 4 1 5 6 0 3
0 11 0 0 2 4 7 5 6 1 3
0 10 0 7 2 4 3 5 6 1 0
0 10 0 3 7 2 4 5 6 0 1
0 16 0 6 2 1 4 5 0 3 7
0 15 0 4 2 1 0 5 6 3 7
0 14 0 2 0 1 4 5 6 3 7
0 14 0 5 2 1 4 0 6 3 7
0 12 0 7 2 1 4 0 6 3 5
0 11 0 7 2 1 0 5 6 3 4
0 10 0 7 2 1 4 5 0 6 3
0 9 0 7 2 4 0 5 6 1 3
0 9 0 3 7 2 4 5 6 1 0
0 13 0 0 2 1 4 5 6 3 7
0 10 0 7 2 1 4 5 6 3 0
0 9 0 7 2 1 4 5 6 0 3
0 8 0 7 2 0 4 5 6 1 3
0 7 0 7 0 2 4 5 6 1 3
0 6 0 0 7 2 4 5 6 1 3
0 4 0 4 7 2 0 5 6 1 3
0 3 0 4 7 2 3 5 6 1 0
0 1 0 4 7 2 3 0 6 1 5
0 0 0 0 7 2 3 4 6 1 5
0 22 0 1 2 3 4 5 6 0 7
0 19 0 1 2 3 0 5 6 4 7
0 17 0 0 2 3 1 5 6 4 7
0 22 0 0 2 3 4 5 6 1 7
0 19 0 7 2 3 4 5 6 1 0
0 18 0 7 2 3 4 5 6 0 1
0 15 0 7 2 3 0 5 6 4 1
0 14 0 7 2 3 1 5 6 4 0
0 13 0 7 2 3 1 5 6 0 4
0 12 0 7 2 0 1 5 6 3 4
0 12 0 7 2 4 1 5 6 0 3
0 11 0 0 2 4 7 5 6 1 3
0 10 0 7 2 4 3 5 6 1 0
0 10 0 3 7 2 4 5 6 0 1
0 16 0 6 2 1 4 5 0 3 7
0 15 0 4 2 1 0 5 6 3 7
0 14 0 2 0 1 4 5 6 3 7
0 14 0 5 2 1 4 0 6 3 7
0 12 0 7 2 1 4 0 6 3 5
0 11 0 7 2 1 0 5 6 3 4
0 10 0 7 2 1 4 5 0 6 3
0 9 0 7 2 4 0 5 6 1 3
0 9 0 3 7 2 4 5 6 1 0
0 13 0 0 2 1 4 5 6 3 7
0 10 0 7 2 1 4 5 6 3 0
0 9 0 7 2 1 4 5 6 0 3
0 8 0 7 2 0 4 5 6 1 3
0 7 0 7 0 2 4 5 6 1 3
0 6 0 0 7 2 4 5 6 1 3
0 4 0 4 7 2 0 5 6 1 3
0 3 0 4 7 2 3 5 6 1 0
0 1 0 4 7 2 3 0 6 1 5
0 0 0 0 7 2 3 4 6 1 5
0 22 0 1 2 3 4 5 6 0 7
0 19 0 1 2 3 0 5 6 4 7
0 17 0 0 2 3 1 5 6 4 7
0 22 0 0 2 3 4 5 6 1 7
0 19 0 7 2 3 4 5 6 1 0
0 18 0 7 2 3 4 5 6 0 1
0 15 0 7 2 3 0 5 6 4 1
0 14 0 7 2 3 1 5 6 4 0
0 13 0 7 2 3 1 5 6 0 4
0 12 0 7 2 0 1 5 6 3 4
0 12 0 7 2 4 1 5 6 0 3
0 11 0 0 2 4 7 5 6 1 3
0 10 0 7 2 4 3 5 6 1 0
0 10 0 3 7 2 4 5 6 0 1
0 16 0 6 2 1 4 5 0 3 7
0 15 0 4 2 1 0 5 6 3 7
0 14 0 2 0 1 4 5 6 3 7
0 14 0 5 2 1 4 0 6 3 7
0 12 0 7 2 1 4 0 6 3 5
0 11 0 7 2 1 0 5 6 3 4
0 10 0 7 2 1 4 5 0 6 3
0 9 0 7 2 4 0 5 6 1 3
0 9 0 3 7 2 4 5 6 1 0
0 13 0 0 2 1 4 5 6 3 7
0 10 0 7 2 1 4 5 6 3 0
0 9 0 7 2 1 4 5 6 0 3
0 8 0 7 2 0 4 5 6 1 3
0 7 0 7 0 2 4 5 6 1 3
0 6 0 0 7 2 4 5 6 1 3
0 4 0 4 7 2 0 5 6 1 3
0 3 0 4 7 2 3 5 6 1 0
0 1 0 4 7 2 3 0 6 1 5
0 0 0 0 7 2 3 4 6 1 5
