0 24 0 1 2 3 4 5 6 0 7
0 21 0 1 2 3 0 5 6 4 7
0 20 0 1 2 3 7 5 6 4 0
0 19 0 1 2 3 7 5 6 0 4
0 18 0 1 2 0 7 5 6 3 4
0 20 0 1 2 4 5 3 6 7 0
0 19 0 1 2 4 7 5 6 3 0
0 19 0 1 2 0 7 5 6 4 3
0 20 0 3 2 4 1 5 6 7 0
0 17 0 3 1 2 4 5 6 7 0
0 19 0 0 2 4 3 5 6 7 1
0 18 0 1 2 4 3 0 6 7 5
0 17 0 1 2 4 3 5 6 0 7
0 19 0 0 2 7 4 5 6 3 1
0 18 0 1 2 7 4 0 6 3 5
0 17 0 1 2 7 0 5 6 3 4
0 18 0 1 2 4 5 0 6 7 3
0 18 0 1 2 4 7 5 6 0 3
0 17 0 0 2 4 1 5 6 7 3
0 16 0 1 2 7 4 5 0 6 3
0 14 0 0 1 2 4 5 6 7 3
0 16 0 1 2 4 3 5 6 7 0
0 16 0 1 2 7 4 5 6 3 0
0 15 0 1 2 4 0 5 6 7 3
0 15 0 1 2 7 4 5 6 0 3
0 14 0 1 2 0 4 5 6 7 3
0 13 0 1 0 2 4 5 6 7 3
0 12 0 1 6 2 4 5 0 7 3
0 9 0 0 6 2 4 5 1 7 3
0 9 0 6 1 2 4 5 0 7 3
0 17 0 1 2 4 6 5 3 7 0
0 17 0 1 3 2 4 5 0 7 6
0 16 0 1 2 4 0 5 3 7 6
0 16 0 1 0 2 4 5 3 7 6
0 15 0 1 2 7 4 5 3 6 0
0 15 0 1 2 0 4 5 3 7 6
0 14 0 1 2 7 4 5 3 0 6
0 13 0 1 2 7 4 5 0 3 6
0 10 0 0 2 7 4 5 1 3 6
0 8 0 6 2 4 0 5 1 7 3
0 8 0 6 0 2 4 5 1 7 3
0 7 0 6 2 7 4 5 1 3 0
0 7 0 6 2 0 4 5 1 7 3
0 6 0 6 2 7 4 5 1 0 3
0 5 0 6 2 7 4 5 0 1 3
0 4 0 6 2 7 4 0 5 1 3
0 4 0 6 2 0 4 3 5 7 1
0 3 0 6 2 7 4 3 5 0 1
0 2 0 6 2 7 4 3 5 1 0
0 1 0 6 2 7 0 3 5 1 4
0 1 0 6 0 2 7 3 5 1 4
0 1 0 6 2 1 7 3 5 0 4
0 0 0 6 2 0 7 3 5 1 4
0 24 0 1 2 3 4 5 6 0 7
0 21 0 1 2 3 0 5 6 4 7
0 20 0 1 2 3 7 5 6 4 0
0 19 0 1 2 3 7 5 6 0 4
0 18 0 1 2 0 7 5 6 3 4
0 20 0 1 2 4 5 3 6 7 0
0 19 0 1 2 4 7 5 6 3 0
0 19 0 1 2 0 7 5 6 4 3
0 20 0 3 2 4 1 5 6 7 0
0 17 0 3 1 2 4 5 6 7 0
0 19 0 0 2 4 3 5 6 7 1
0 18 0 1 2 4 3 0 6 7 5
0 17 0 1 2 4 3 5 6 0 7
0 19 0 0 2 7 4 5 6 3 1
0 18 0 1 2 7 4 0 6 3 5
0 17 0 1 2 7 0 5 6 3 4
0 18 0 1 2 4 5 0 6 7 3
0 18 0 1 2 4 7 5 6 0 3
0 17 0 0 2 4 1 5 6 7 3
0 16 0 1 2 7 4 5 0 6 3
0 14 0 0 1 2 4 5 6 7 3
0 16 0 1 2 4 3 5 6 7 0
0 16 0 1 2 7 4 5 6 3 0
0 15 0 1 2 4 0 5 6 7 3
0 15 0 1 2 7 4 5 6 0 3
0 14 0 1 2 0 4 5 6 7 3
0 13 0 1 0 2 4 5 6 7 3
0 12 0 1 6 2 4 5 0 7 3
0 9 0 0 6 2 4 5 1 7 3
0 9 0 6 1 2 4 5 0 7 3
0 17 0 1 2 4 6 5 3 7 0
0 17 0 1 3 2 4 5 0 7 6
0 16 0 1 2 4 0 5 3 7 6
0 16 0 1 0 2 4 5 3 7 6
0 15 0 1 2 7 4 5 3 6 0
0 15 0 1 2 0 4 5 3 7 6
0 14 0 1 2 7 4 5 3 0 6
0 13 0 1 2 7 4 5 0 3 6
0 10 0 0 2 7 4 5 1 3 6
0 8 0 6 2 4 0 5 1 7 3
0 8 0 6 0 2 4 5 1 7 3
0 7 0 6 2 7 4 5 1 3 0
0 7 0 6 2 0 4 5 1 7 3
0 6 0 6 2 7 4 5 1 0 3
0 5 0 6 2 7 4 5 0 1 3
0 4 0 6 2 7 4 0 5 1 3
0 4 0 6 2 0 4 3 5 7 1
0 3 0 6 2 7 4 3 5 0 1
0 2 0 6 2 7 4 3 5 1 0
0 1 0 6 2 7 0 3 5 1 4
0 1 0 6 0 2 7 3 5 1 4
0 1 0 6 2 1 7 3 5 0 4
0 0 0 6 2 0 7 3 5 1 4
0 24 0 1 2 3 4 5 6 0 7
0 21 0 1 2 3 0 5 6 4 7
0 20 0 1 2 3 7 5 6 4 0
0 19 0 1 2 3 7 5 6 0 4
0 18 0 1 2 0 7 5 6 3 4
0 20 0 1 2 4 5 3 6 7 0
0 19 0 1 2 4 7 5 6 3 0
0 19 0 1 2 0 7 5 6 4 3
0 20 0 3 2 4 1 5 6 7 0
0 17 0 3 1 2 4 5 6 7 0
0 19 0 0 2 4 3 5 6 7 1
0 18 0 1 2 4 3 0 6 7 5
0 17 0 1 2 4 3 5 6 0 7
0 19 0 0 2 7 4 5 6 3 1
0 18 0 1 2 7 4 0 6 3 5
0 17 0 1 2 7 0 5 6 3 4
0 18 0 1 2 4 5 0 6 7 3
0 18 0 1 2 4 7 5 6 0 3
0 17 0 0 2 4 1 5 6 7 3
0 16 0 1 2 7 4 5 0 6 3
0 14 0 0 1 2 4 5 6 7 3
0 16 0 1 2 4 3 5 6 7 0
0 16 0 1 2 7 4 5 6 3 0
0 15 0 1 2 4 0 5 6 7 3
0 15 0 1 2 7 4 5 6 0 3
0 14 0 1 2 0 4 5 6 7 3
0 13 0 1 0 2 4 5 6 7 3
0 12 0 1 6 2 4 5 0 7 3
0 9 0 0 6 2 4 5 1 7 3
0 9 0 6 1 2 4 5 0 7 3
0 17 0 1 2 4 6 5 3 7 0
0 17 0 1 3 2 4 5 0 7 6
0 16 0 1 2 4 0 5 3 7 6
0 16 0 1 0 2 4 5 3 7 6
0 15 0 1 2 7 4 5 3 6 0
0 15 0 1 2 0 4 5 3 7 6
0 14 0 1 2 7 4 5 3 0 6
0 13 0 1 2 7 4 5 0 3 6
0 10 0 0 2 7 4 5 1 3 6
0 8 0 6 2 4 0 5 1 7 3
0 8 0 6 0 2 4 5 1 7 3
0 7 0 6 2 7 4 5 1 3 0
0 7 0 6 2 0 4 5 1 7 3
0 6 0 6 2 7 4 5 1 0 3
0 5 0 6 2 7 4 5 0 1 3
0 4 0 6 2 7 4 0 5 1 3
0 4 0 6 2 0 4 3 5 7 1
0 3 0 6 2 7 4 3 5 0 1
0 2 0 6 2 7 4 3 5 1 0
0 1 0 6 2 7 0 3 5 1 4
0 1 0 6 0 2 7 3 5 1 4
0 1 0 6 2 1 7 3 5 0 4
0 0 0 6 2 0 7 3 5 1 4
