0 19 0 0 3 5 7 2 4 6 1
0 17 0 7 3 5 0 2 4 6 1
0 16 0 7 3 5 1 2 4 6 0
0 15 0 7 3 5 1 2 4 0 6
0 13 0 7 3 5 6 2 4 1 0
0 13 0 2 3 5 7 6 4 1 0
0 10 0 0 3 5 7 6 4 1 2
0 11 0 6 3 5 1 2 4 0 7
0 10 0 0 3 5 6 2 4 1 7
0 13 0 4 3 5 7 2 0 1 6
0 12 0 7 3 5 0 2 4 1 6
0 11 0 3 0 5 7 2 4 1 6
0 11 0 2 3 5 7 0 4 1 6
0 9 0 6 3 5 7 0 4 1 2
0 8 0 6 3 5 0 2 4 1 7
0 7 0 6 3 0 7 2 4 5 1
0 10 0 0 3 5 7 2 4 1 6
0 7 0 6 3 5 7 2 4 1 0
0 6 0 6 3 5 7 2 4 0 1
0 5 0 6 3 5 7 2 0 4 1
0 4 0 6 0 5 7 2 3 4 1
0 7 0 1 6 5 7 0 4 2 3
0 5 0 1 6 5 7 3 4 2 0
0 4 0 1 6 5 7 3 4 0 2
0 3 0 1 6 5 7 3 0 4 2
0 4 0 1 6 5 4 2 3 0 7
0 4 0 1 5 0 7 2 6 3 4
0 4 0 0 1 5 7 2 6 3 4
0 3 0 1 6 5 7 0 2 3 4
0 2 0 1 6 0 7 2 3 5 4
0 3 0 0 6 5 7 2 3 4 1
0 2 0 1 6 5 7 0 3 4 2
0 1 0 1 6 5 0 2 3 4 7
0 3 0 1 0 5 7 2 6 3 4
0 2 0 1 6 5 7 2 0 3 4
0 1 0 1 6 5 7 2 3 0 4
0 0 0 1 6 5 7 2 3 4 0
0 19 0 0 3 5 7 2 4 6 1
0 17 0 7 3 5 0 2 4 6 1
0 16 0 7 3 5 1 2 4 6 0
0 15 0 7 3 5 1 2 4 0 6
0 13 0 7 3 5 6 2 4 1 0
0 13 0 2 3 5 7 6 4 1 0
0 10 0 0 3 5 7 6 4 1 2
0 11 0 6 3 5 1 2 4 0 7
0 10 0 0 3 5 6 2 4 1 7
0 13 0 4 3 5 7 2 0 1 6
0 12 0 7 3 5 0 2 4 1 6
0 11 0 3 0 5 7 2 4 1 6
0 11 0 2 3 5 7 0 4 1 6
0 9 0 6 3 5 7 0 4 1 2
0 8 0 6 3 5 0 2 4 1 7
0 7 0 6 3 0 7 2 4 5 1
0 10 0 0 3 5 7 2 4 1 6
0 7 0 6 3 5 7 2 4 1 0
0 6 0 6 3 5 7 2 4 0 1
0 5 0 6 3 5 7 2 0 4 1
0 4 0 6 0 5 7 2 3 4 1
0 7 0 1 6 5 7 0 4 2 3
0 5 0 1 6 5 7 3 4 2 0
0 4 0 1 6 5 7 3 4 0 2
0 3 0 1 6 5 7 3 0 4 2
0 4 0 1 6 5 4 2 3 0 7
0 4 0 1 5 0 7 2 6 3 4
0 4 0 0 1 5 7 2 6 3 4
0 3 0 1 6 5 7 0 2 3 4
0 2 0 1 6 0 7 2 3 5 4
0 3 0 0 6 5 7 2 3 4 1
0 2 0 1 6 5 7 0 3 4 2
0 1 0 1 6 5 0 2 3 4 7
0 3 0 1 0 5 7 2 6 3 4
0 2 0 1 6 5 7 2 0 3 4
0 1 0 1 6 5 7 2 3 0 4
0 0 0 1 6 5 7 2 3 4 0
0 19 0 0 3 5 7 2 4 6 1
0 17 0 7 3 5 0 2 4 6 1
0 16 0 7 3 5 1 2 4 6 0
0 15 0 7 3 5 1 2 4 0 6
0 13 0 7 3 5 6 2 4 1 0
0 13 0 2 3 5 7 6 4 1 0
0 10 0 0 3 5 7 6 4 1 2
0 11 0 6 3 5 1 2 4 0 7
0 10 0 0 3 5 6 2 4 1 7
0 13 0 4 3 5 7 2 0 1 6
0 12 0 7 3 5 0 2 4 1 6
0 11 0 3 0 5 7 2 4 1 6
0 11 0 2 3 5 7 0 4 1 6
0 9 0 6 3 5 7 0 4 1 2
0 8 0 6 3 5 0 2 4 1 7
0 7 0 6 3 0 7 2 4 5 1
0 10 0 0 3 5 7 2 4 1 6
0 7 0 6 3 5 7 2 4 1 0
0 6 0 6 3 5 7 2 4 0 1
0 5 0 6 3 5 7 2 0 4 1
0 4 0 6 0 5 7 2 3 4 1
0 7 0 1 6 5 7 0 4 2 3
0 5 0 1 6 5 7 3 4 2 0
0 4 0 1 6 5 7 3 4 0 2
0 3 0 1 6 5 7 3 0 4 2
0 4 0 1 6 5 4 2 3 0 7
0 4 0 1 5 0 7 2 6 3 4
0 4 0 0 1 5 7 2 6 3 4
0 3 0 1 6 5 7 0 2 3 4
0 2 0 1 6 0 7 2 3 5 4
0 3 0 0 6 5 7 2 3 4 1
0 2 0 1 6 5 7 0 3 4 2
0 1 0 1 6 5 0 2 3 4 7
0 3 0 1 0 5 7 2 6 3 4
0 2 0 1 6 5 7 2 0 3 4
0 1 0 1 6 5 7 2 3 0 4
0 0 0 1 6 5 7 2 3 4 0
