0 38 0 0 3 5 7 2 4 6 1
0 37 0 3 0 5 7 2 4 6 1
0 36 0 3 4 5 7 2 0 6 1
0 35 0 4 3 5 7 2 0 6 1
0 34 0 4 0 5 7 2 3 6 1
0 32 0 1 4 5 7 2 0 3 6
0 30 0 5 3 0 7 2 4 6 1
0 29 0 5 0 3 7 2 4 6 1
0 28 0 1 0 5 7 2 4 3 6
0 27 0 1 5 0 7 2 4 3 6
0 33 0 0 4 5 7 2 3 6 1
0 31 0 1 4 5 7 2 3 0 6
0 31 0 1 4 5 0 2 3 6 7
0 28 0 0 5 3 7 2 4 6 1
0 27 0 1 5 3 7 0 4 6 2
0 26 0 1 5 3 7 2 4 0 6
0 30 0 1 4 5 7 2 3 6 0
0 28 0 1 4 5 7 0 3 6 2
0 27 0 3 4 5 7 2 1 6 0
0 25 0 1 5 3 7 2 4 6 0
0 24 0 1 5 3 0 2 4 6 7
0 27 0 1 5 0 7 3 4 6 2
0 27 0 1 4 5 7 3 0 6 2
0 24 0 0 4 5 7 2 1 6 3
0 23 0 1 5 0 3 2 4 6 7
0 23 0 1 4 5 3 2 0 6 7
0 23 0 1 5 7 3 2 4 6 0
0 23 0 1 5 6 7 2 4 3 0
0 23 0 1 4 5 7 2 6 3 0
0 24 0 1 4 5 7 3 2 6 0
0 26 0 1 0 5 7 3 4 6 2
0 25 0 0 1 5 7 3 4 6 2
0 23 0 4 0 5 7 2 1 6 3
0 22 0 2 1 5 7 3 4 6 0
0 22 0 1 0 5 3 2 4 6 7
0 21 0 0 1 5 3 2 4 6 7
0 22 0 1 5 7 0 2 4 6 3
0 22 0 1 5 6 7 2 4 0 3
0 22 0 1 4 5 7 2 6 0 3
0 22 0 1 4 5 7 0 2 6 3
0 24 0 3 1 5 7 0 4 6 2
0 23 0 3 1 5 7 2 4 0 6
0 23 0 3 1 5 0 2 4 6 7
0 22 0 4 1 5 7 2 0 6 3
0 20 0 2 1 5 7 0 4 6 3
0 18 0 7 1 5 3 2 4 6 0
0 21 0 1 5 0 7 2 4 6 3
0 21 0 1 4 5 7 2 0 6 3
0 22 0 3 1 5 7 2 4 6 0
0 20 0 1 0 5 7 2 4 6 3
0 19 0 0 1 5 7 2 4 6 3
0 17 0 7 1 5 0 2 4 6 3
0 14 0 7 1 5 2 0 4 6 3
0 18 0 1 4 5 3 2 7 6 0
0 17 0 1 4 5 0 2 7 6 3
0 14 0 1 4 5 2 0 7 6 3
0 14 0 5 2 0 7 3 4 6 1
0 13 0 0 1 5 7 3 4 2 6
0 13 0 1 4 5 7 3 0 2 6
0 13 0 0 1 5 2 3 4 6 7
0 13 0 1 4 5 2 3 0 6 7
0 13 0 0 1 5 2 7 4 6 3
0 13 0 1 4 5 2 7 0 6 3
0 10 0 5 2 0 7 1 4 6 3
0 13 0 5 0 2 7 3 4 6 1
0 13 0 3 5 2 7 0 4 6 1
0 12 0 1 0 5 7 3 4 2 6
0 11 0 1 5 0 7 3 4 2 6
0 13 0 1 5 2 3 0 4 6 7
0 12 0 1 0 5 2 3 4 6 7
0 11 0 1 5 0 2 3 4 6 7
0 12 0 1 0 5 2 7 4 6 3
0 11 0 1 5 0 2 7 4 6 3
0 11 0 1 5 2 3 7 4 6 0
0 11 0 3 5 2 7 1 4 6 0
0 9 0 5 0 2 7 1 4 6 3
0 12 0 0 5 2 7 3 4 6 1
0 10 0 1 5 2 7 3 4 0 6
0 10 0 1 5 2 0 3 4 6 7
0 10 0 1 5 2 0 7 4 6 3
0 8 0 0 5 2 7 1 4 6 3
0 6 0 1 2 0 7 4 5 6 3
0 9 0 1 5 2 7 3 4 6 0
0 7 0 1 5 2 7 0 4 6 3
0 6 0 1 5 2 7 4 0 6 3
0 5 0 1 0 2 7 4 5 6 3
0 4 0 0 1 2 7 4 5 6 3
0 3 0 3 1 2 7 0 5 6 4
0 1 0 3 1 2 7 4 5 6 0
0 0 0 3 1 2 0 4 5 6 7
0 38 0 0 3 5 7 2 4 6 1
0 37 0 3 0 5 7 2 4 6 1
0 36 0 3 4 5 7 2 0 6 1
0 35 0 4 3 5 7 2 0 6 1
0 34 0 4 0 5 7 2 3 6 1
0 32 0 1 4 5 7 2 0 3 6
0 30 0 5 3 0 7 2 4 6 1
0 29 0 5 0 3 7 2 4 6 1
0 28 0 1 0 5 7 2 4 3 6
0 27 0 1 5 0 7 2 4 3 6
0 33 0 0 4 5 7 2 3 6 1
0 31 0 1 4 5 7 2 3 0 6
0 31 0 1 4 5 0 2 3 6 7
0 28 0 0 5 3 7 2 4 6 1
0 27 0 1 5 3 7 0 4 6 2
0 26 0 1 5 3 7 2 4 0 6
0 30 0 1 4 5 7 2 3 6 0
0 28 0 1 4 5 7 0 3 6 2
0 27 0 3 4 5 7 2 1 6 0
0 25 0 1 5 3 7 2 4 6 0
0 24 0 1 5 3 0 2 4 6 7
0 27 0 1 5 0 7 3 4 6 2
0 27 0 1 4 5 7 3 0 6 2
0 24 0 0 4 5 7 2 1 6 3
0 23 0 1 5 0 3 2 4 6 7
0 23 0 1 4 5 3 2 0 6 7
0 23 0 1 5 7 3 2 4 6 0
0 23 0 1 5 6 7 2 4 3 0
0 23 0 1 4 5 7 2 6 3 0
0 24 0 1 4 5 7 3 2 6 0
0 26 0 1 0 5 7 3 4 6 2
0 25 0 0 1 5 7 3 4 6 2
0 23 0 4 0 5 7 2 1 6 3
0 22 0 2 1 5 7 3 4 6 0
0 22 0 1 0 5 3 2 4 6 7
0 21 0 0 1 5 3 2 4 6 7
0 22 0 1 5 7 0 2 4 6 3
0 22 0 1 5 6 7 2 4 0 3
0 22 0 1 4 5 7 2 6 0 3
0 22 0 1 4 5 7 0 2 6 3
0 24 0 3 1 5 7 0 4 6 2
0 23 0 3 1 5 7 2 4 0 6
0 23 0 3 1 5 0 2 4 6 7
0 22 0 4 1 5 7 2 0 6 3
0 20 0 2 1 5 7 0 4 6 3
0 18 0 7 1 5 3 2 4 6 0
0 21 0 1 5 0 7 2 4 6 3
0 21 0 1 4 5 7 2 0 6 3
0 22 0 3 1 5 7 2 4 6 0
0 20 0 1 0 5 7 2 4 6 3
0 19 0 0 1 5 7 2 4 6 3
0 17 0 7 1 5 0 2 4 6 3
0 14 0 7 1 5 2 0 4 6 3
0 18 0 1 4 5 3 2 7 6 0
0 17 0 1 4 5 0 2 7 6 3
0 14 0 1 4 5 2 0 7 6 3
0 14 0 5 2 0 7 3 4 6 1
0 13 0 0 1 5 7 3 4 2 6
0 13 0 1 4 5 7 3 0 2 6
0 13 0 0 1 5 2 3 4 6 7
0 13 0 1 4 5 2 3 0 6 7
0 13 0 0 1 5 2 7 4 6 3
0 13 0 1 4 5 2 7 0 6 3
0 10 0 5 2 0 7 1 4 6 3
0 13 0 5 0 2 7 3 4 6 1
0 13 0 3 5 2 7 0 4 6 1
0 12 0 1 0 5 7 3 4 2 6
0 11 0 1 5 0 7 3 4 2 6
0 13 0 1 5 2 3 0 4 6 7
0 12 0 1 0 5 2 3 4 6 7
0 11 0 1 5 0 2 3 4 6 7
0 12 0 1 0 5 2 7 4 6 3
0 11 0 1 5 0 2 7 4 6 3
0 11 0 1 5 2 3 7 4 6 0
0 11 0 3 5 2 7 1 4 6 0
0 9 0 5 0 2 7 1 4 6 3
0 12 0 0 5 2 7 3 4 6 1
0 10 0 1 5 2 7 3 4 0 6
0 10 0 1 5 2 0 3 4 6 7
0 10 0 1 5 2 0 7 4 6 3
0 8 0 0 5 2 7 1 4 6 3
0 6 0 1 2 0 7 4 5 6 3
0 9 0 1 5 2 7 3 4 6 0
0 7 0 1 5 2 7 0 4 6 3
0 6 0 1 5 2 7 4 0 6 3
0 5 0 1 0 2 7 4 5 6 3
0 4 0 0 1 2 7 4 5 6 3
0 3 0 3 1 2 7 0 5 6 4
0 1 0 3 1 2 7 4 5 6 0
0 0 0 3 1 2 0 4 5 6 7
0 38 0 0 3 5 7 2 4 6 1
0 37 0 3 0 5 7 2 4 6 1
0 36 0 3 4 5 7 2 0 6 1
0 35 0 4 3 5 7 2 0 6 1
0 34 0 4 0 5 7 2 3 6 1
0 32 0 1 4 5 7 2 0 3 6
0 30 0 5 3 0 7 2 4 6 1
0 29 0 5 0 3 7 2 4 6 1
0 28 0 1 0 5 7 2 4 3 6
0 27 0 1 5 0 7 2 4 3 6
0 33 0 0 4 5 7 2 3 6 1
0 31 0 1 4 5 7 2 3 0 6
0 31 0 1 4 5 0 2 3 6 7
0 28 0 0 5 3 7 2 4 6 1
0 27 0 1 5 3 7 0 4 6 2
0 26 0 1 5 3 7 2 4 0 6
0 30 0 1 4 5 7 2 3 6 0
0 28 0 1 4 5 7 0 3 6 2
0 27 0 3 4 5 7 2 1 6 0
0 25 0 1 5 3 7 2 4 6 0
0 24 0 1 5 3 0 2 4 6 7
0 27 0 1 5 0 7 3 4 6 2
0 27 0 1 4 5 7 3 0 6 2
0 24 0 0 4 5 7 2 1 6 3
0 23 0 1 5 0 3 2 4 6 7
0 23 0 1 4 5 3 2 0 6 7
0 23 0 1 5 7 3 2 4 6 0
0 23 0 1 5 6 7 2 4 3 0
0 23 0 1 4 5 7 2 6 3 0
0 24 0 1 4 5 7 3 2 6 0
0 26 0 1 0 5 7 3 4 6 2
0 25 0 0 1 5 7 3 4 6 2
0 23 0 4 0 5 7 2 1 6 3
0 22 0 2 1 5 7 3 4 6 0
0 22 0 1 0 5 3 2 4 6 7
0 21 0 0 1 5 3 2 4 6 7
0 22 0 1 5 7 0 2 4 6 3
0 22 0 1 5 6 7 2 4 0 3
0 22 0 1 4 5 7 2 6 0 3
0 22 0 1 4 5 7 0 2 6 3
0 24 0 3 1 5 7 0 4 6 2
0 23 0 3 1 5 7 2 4 0 6
0 23 0 3 1 5 0 2 4 6 7
0 22 0 4 1 5 7 2 0 6 3
0 20 0 2 1 5 7 0 4 6 3
0 18 0 7 1 5 3 2 4 6 0
0 21 0 1 5 0 7 2 4 6 3
0 21 0 1 4 5 7 2 0 6 3
0 22 0 3 1 5 7 2 4 6 0
0 20 0 1 0 5 7 2 4 6 3
0 19 0 0 1 5 7 2 4 6 3
0 17 0 7 1 5 0 2 4 6 3
0 14 0 7 1 5 2 0 4 6 3
0 18 0 1 4 5 3 2 7 6 0
0 17 0 1 4 5 0 2 7 6 3
0 14 0 1 4 5 2 0 7 6 3
0 14 0 5 2 0 7 3 4 6 1
0 13 0 0 1 5 7 3 4 2 6
0 13 0 1 4 5 7 3 0 2 6
0 13 0 0 1 5 2 3 4 6 7
0 13 0 1 4 5 2 3 0 6 7
0 13 0 0 1 5 2 7 4 6 3
0 13 0 1 4 5 2 7 0 6 3
0 10 0 5 2 0 7 1 4 6 3
0 13 0 5 0 2 7 3 4 6 1
0 13 0 3 5 2 7 0 4 6 1
0 12 0 1 0 5 7 3 4 2 6
0 11 0 1 5 0 7 3 4 2 6
0 13 0 1 5 2 3 0 4 6 7
0 12 0 1 0 5 2 3 4 6 7
0 11 0 1 5 0 2 3 4 6 7
0 12 0 1 0 5 2 7 4 6 3
0 11 0 1 5 0 2 7 4 6 3
0 11 0 1 5 2 3 7 4 6 0
0 11 0 3 5 2 7 1 4 6 0
0 9 0 5 0 2 7 1 4 6 3
0 12 0 0 5 2 7 3 4 6 1
0 10 0 1 5 2 7 3 4 0 6
0 10 0 1 5 2 0 3 4 6 7
0 10 0 1 5 2 0 7 4 6 3
0 8 0 0 5 2 7 1 4 6 3
0 6 0 1 2 0 7 4 5 6 3
0 9 0 1 5 2 7 3 4 6 0
0 7 0 1 5 2 7 0 4 6 3
0 6 0 1 5 2 7 4 0 6 3
0 5 0 1 0 2 7 4 5 6 3
0 4 0 0 1 2 7 4 5 6 3
0 3 0 3 1 2 7 0 5 6 4
0 1 0 3 1 2 7 4 5 6 0
0 0 0 3 1 2 0 4 5 6 7
