0 22 0 1 2 3 4 0 6 7 5
0 21 0 1 2 3 4 6 0 7 5
0 18 0 0 2 3 4 6 1 7 5
0 17 0 6 2 3 4 5 0 1 7
0 21 0 1 2 3 6 5 0 7 4
0 18 0 0 2 3 6 5 1 7 4
0 15 0 4 2 3 6 5 1 7 0
0 15 0 5 2 3 4 6 1 7 0
0 14 0 5 2 3 4 1 0 7 6
0 20 0 0 2 3 4 5 7 6 1
0 19 0 1 2 3 4 0 7 6 5
0 18 0 1 2 3 0 5 7 6 4
0 21 0 0 2 3 4 6 5 7 1
0 19 0 1 2 3 4 6 5 0 7
0 19 0 1 2 3 0 6 5 7 4
0 17 0 1 2 0 4 5 7 3 6
0 19 0 1 2 3 0 4 5 7 6
0 17 0 0 2 3 4 1 5 7 6
0 17 0 1 3 0 4 5 2 7 6
0 17 0 0 1 3 4 5 2 7 6
0 17 0 6 2 3 4 0 1 7 5
0 16 0 6 2 3 4 5 1 0 7
0 16 0 6 2 3 0 5 1 7 4
0 14 0 4 2 3 0 5 1 7 6
0 13 0 5 2 3 4 0 1 7 6
0 17 0 1 2 3 4 5 7 6 0
0 18 0 1 2 3 4 6 5 7 0
0 16 0 1 2 3 4 5 7 0 6
0 16 0 1 2 3 4 0 5 7 6
0 16 0 1 0 3 4 5 2 7 6
0 15 0 6 2 3 4 5 1 7 0
0 15 0 1 2 3 4 5 0 7 6
0 12 0 0 2 3 4 5 1 7 6
0 11 0 2 0 3 4 5 1 7 6
0 10 0 2 1 3 4 5 0 7 6
0 9 0 2 1 3 4 0 5 7 6
0 8 0 1 5 3 4 0 7 6 2
0 7 0 1 5 3 0 2 7 6 4
0 6 0 1 7 5 4 2 0 3 6
0 12 0 0 5 3 4 6 2 7 1
0 10 0 1 5 3 4 6 2 0 7
0 10 0 1 5 3 0 6 2 7 4
0 10 0 1 5 3 0 4 2 7 6
0 8 0 0 5 3 4 1 2 7 6
0 8 0 1 3 0 4 2 5 7 6
0 8 0 0 1 3 4 2 5 7 6
0 6 0 1 5 3 4 2 7 6 0
0 5 0 1 0 5 4 2 7 3 6
0 9 0 1 5 3 4 6 2 7 0
0 7 0 1 5 3 4 0 2 7 6
0 7 0 1 0 3 4 2 5 7 6
0 6 0 1 5 3 4 2 0 7 6
0 5 0 1 5 3 4 2 7 0 6
0 4 0 1 5 0 4 2 7 3 6
0 4 0 1 5 4 6 2 7 3 0
0 3 0 1 5 4 0 2 7 3 6
0 1 0 0 5 4 1 2 7 3 6
0 1 0 5 7 4 1 2 0 3 6
0 0 0 5 0 4 1 2 7 3 6
0 22 0 1 2 3 4 0 6 7 5
0 21 0 1 2 3 4 6 0 7 5
0 18 0 0 2 3 4 6 1 7 5
0 17 0 6 2 3 4 5 0 1 7
0 21 0 1 2 3 6 5 0 7 4
0 18 0 0 2 3 6 5 1 7 4
0 15 0 4 2 3 6 5 1 7 0
0 15 0 5 2 3 4 6 1 7 0
0 14 0 5 2 3 4 1 0 7 6
0 20 0 0 2 3 4 5 7 6 1
0 19 0 1 2 3 4 0 7 6 5
0 18 0 1 2 3 0 5 7 6 4
0 21 0 0 2 3 4 6 5 7 1
0 19 0 1 2 3 4 6 5 0 7
0 19 0 1 2 3 0 6 5 7 4
0 17 0 1 2 0 4 5 7 3 6
0 19 0 1 2 3 0 4 5 7 6
0 17 0 0 2 3 4 1 5 7 6
0 17 0 1 3 0 4 5 2 7 6
0 17 0 0 1 3 4 5 2 7 6
0 17 0 6 2 3 4 0 1 7 5
0 16 0 6 2 3 4 5 1 0 7
0 16 0 6 2 3 0 5 1 7 4
0 14 0 4 2 3 0 5 1 7 6
0 13 0 5 2 3 4 0 1 7 6
0 17 0 1 2 3 4 5 7 6 0
0 18 0 1 2 3 4 6 5 7 0
0 16 0 1 2 3 4 5 7 0 6
0 16 0 1 2 3 4 0 5 7 6
0 16 0 1 0 3 4 5 2 7 6
0 15 0 6 2 3 4 5 1 7 0
0 15 0 1 2 3 4 5 0 7 6
0 12 0 0 2 3 4 5 1 7 6
0 11 0 2 0 3 4 5 1 7 6
0 10 0 2 1 3 4 5 0 7 6
0 9 0 2 1 3 4 0 5 7 6
0 8 0 1 5 3 4 0 7 6 2
0 7 0 1 5 3 0 2 7 6 4
0 6 0 1 7 5 4 2 0 3 6
0 12 0 0 5 3 4 6 2 7 1
0 10 0 1 5 3 4 6 2 0 7
0 10 0 1 5 3 0 6 2 7 4
0 10 0 1 5 3 0 4 2 7 6
0 8 0 0 5 3 4 1 2 7 6
0 8 0 1 3 0 4 2 5 7 6
0 8 0 0 1 3 4 2 5 7 6
0 6 0 1 5 3 4 2 7 6 0
0 5 0 1 0 5 4 2 7 3 6
0 9 0 1 5 3 4 6 2 7 0
0 7 0 1 5 3 4 0 2 7 6
0 7 0 1 0 3 4 2 5 7 6
0 6 0 1 5 3 4 2 0 7 6
0 5 0 1 5 3 4 2 7 0 6
0 4 0 1 5 0 4 2 7 3 6
0 4 0 1 5 4 6 2 7 3 0
0 3 0 1 5 4 0 2 7 3 6
0 1 0 0 5 4 1 2 7 3 6
0 1 0 5 7 4 1 2 0 3 6
0 0 0 5 0 4 1 2 7 3 6
0 22 0 1 2 3 4 0 6 7 5
0 21 0 1 2 3 4 6 0 7 5
0 18 0 0 2 3 4 6 1 7 5
0 17 0 6 2 3 4 5 0 1 7
0 21 0 1 2 3 6 5 0 7 4
0 18 0 0 2 3 6 5 1 7 4
0 15 0 4 2 3 6 5 1 7 0
0 15 0 5 2 3 4 6 1 7 0
0 14 0 5 2 3 4 1 0 7 6
0 20 0 0 2 3 4 5 7 6 1
0 19 0 1 2 3 4 0 7 6 5
0 18 0 1 2 3 0 5 7 6 4
0 21 0 0 2 3 4 6 5 7 1
0 19 0 1 2 3 4 6 5 0 7
0 19 0 1 2 3 0 6 5 7 4
0 17 0 1 2 0 4 5 7 3 6
0 19 0 1 2 3 0 4 5 7 6
0 17 0 0 2 3 4 1 5 7 6
0 17 0 1 3 0 4 5 2 7 6
0 17 0 0 1 3 4 5 2 7 6
0 17 0 6 2 3 4 0 1 7 5
0 16 0 6 2 3 4 5 1 0 7
0 16 0 6 2 3 0 5 1 7 4
0 14 0 4 2 3 0 5 1 7 6
0 13 0 5 2 3 4 0 1 7 6
0 17 0 1 2 3 4 5 7 6 0
0 18 0 1 2 3 4 6 5 7 0
0 16 0 1 2 3 4 5 7 0 6
0 16 0 1 2 3 4 0 5 7 6
0 16 0 1 0 3 4 5 2 7 6
0 15 0 6 2 3 4 5 1 7 0
0 15 0 1 2 3 4 5 0 7 6
0 12 0 0 2 3 4 5 1 7 6
0 11 0 2 0 3 4 5 1 7 6
0 10 0 2 1 3 4 5 0 7 6
0 9 0 2 1 3 4 0 5 7 6
0 8 0 1 5 3 4 0 7 6 2
0 7 0 1 5 3 0 2 7 6 4
0 6 0 1 7 5 4 2 0 3 6
0 12 0 0 5 3 4 6 2 7 1
0 10 0 1 5 3 4 6 2 0 7
0 10 0 1 5 3 0 6 2 7 4
0 10 0 1 5 3 0 4 2 7 6
0 8 0 0 5 3 4 1 2 7 6
0 8 0 1 3 0 4 2 5 7 6
0 8 0 0 1 3 4 2 5 7 6
0 6 0 1 5 3 4 2 7 6 0
0 5 0 1 0 5 4 2 7 3 6
0 9 0 1 5 3 4 6 2 7 0
0 7 0 1 5 3 4 0 2 7 6
0 7 0 1 0 3 4 2 5 7 6
0 6 0 1 5 3 4 2 0 7 6
0 5 0 1 5 3 4 2 7 0 6
0 4 0 1 5 0 4 2 7 3 6
0 4 0 1 5 4 6 2 7 3 0
0 3 0 1 5 4 0 2 7 3 6
0 1 0 0 5 4 1 2 7 3 6
0 1 0 5 7 4 1 2 0 3 6
0 0 0 5 0 4 1 2 7 3 6
