0 8 0 1 2 3 4 5 6 0 7
0 7 0 1 2 3 4 5 0 6 7
0 6 0 1 0 3 4 5 2 6 7
0 5 0 1 3 0 4 5 2 6 7
0 11 0 1 3 4 7 5 0 6 2
0 10 0 1 3 4 7 2 0 5 6
0 10 0 1 3 0 7 2 5 4 6
0 10 0 1 3 0 4 2 5 6 7
0 10 0 1 3 4 7 0 5 6 2
0 9 0 1 3 4 7 2 5 0 6
0 9 0 1 3 4 0 2 5 6 7
0 8 0 1 3 4 7 2 5 6 0
0 5 0 0 3 4 7 2 5 6 1
0 4 0 2 3 4 7 0 5 6 1
0 3 0 5 3 4 7 2 6 0 1
0 3 0 5 0 4 7 2 3 6 1
0 3 0 5 3 4 7 1 2 6 0
0 11 0 0 3 4 7 2 6 5 1
0 10 0 1 3 4 7 0 6 5 2
0 9 0 1 3 4 0 2 6 5 7
0 9 0 1 3 7 0 2 6 4 5
0 9 0 1 0 3 7 2 6 4 5
0 9 0 1 4 7 0 2 3 6 5
0 9 0 1 4 6 7 2 3 0 5
0 8 0 0 1 4 7 2 3 6 5
0 8 0 1 3 4 0 7 2 6 5
0 6 0 0 3 4 7 1 2 6 5
0 4 0 1 3 4 7 5 2 0 6
0 4 0 1 3 4 0 5 2 6 7
0 3 0 2 3 4 7 5 0 6 1
0 2 0 5 3 4 7 2 0 6 1
0 1 0 5 3 4 7 0 2 6 1
0 8 0 1 3 4 7 2 6 5 0
0 8 0 1 3 0 7 2 6 4 5
0 8 0 1 4 0 7 2 3 6 5
0 7 0 1 3 4 7 2 6 0 5
0 7 0 1 0 4 7 2 3 6 5
0 6 0 1 3 4 7 2 0 6 5
0 5 0 1 3 4 7 0 2 6 5
0 3 0 1 3 4 7 5 2 6 0
0 0 0 0 3 4 7 5 2 6 1
0 8 0 1 2 3 4 5 6 0 7
0 7 0 1 2 3 4 5 0 6 7
0 6 0 1 0 3 4 5 2 6 7
0 5 0 1 3 0 4 5 2 6 7
0 11 0 1 3 4 7 5 0 6 2
0 10 0 1 3 4 7 2 0 5 6
0 10 0 1 3 0 7 2 5 4 6
0 10 0 1 3 0 4 2 5 6 7
0 10 0 1 3 4 7 0 5 6 2
0 9 0 1 3 4 7 2 5 0 6
0 9 0 1 3 4 0 2 5 6 7
0 8 0 1 3 4 7 2 5 6 0
0 5 0 0 3 4 7 2 5 6 1
0 4 0 2 3 4 7 0 5 6 1
0 3 0 5 3 4 7 2 6 0 1
0 3 0 5 0 4 7 2 3 6 1
0 3 0 5 3 4 7 1 2 6 0
0 11 0 0 3 4 7 2 6 5 1
0 10 0 1 3 4 7 0 6 5 2
0 9 0 1 3 4 0 2 6 5 7
0 9 0 1 3 7 0 2 6 4 5
0 9 0 1 0 3 7 2 6 4 5
0 9 0 1 4 7 0 2 3 6 5
0 9 0 1 4 6 7 2 3 0 5
0 8 0 0 1 4 7 2 3 6 5
0 8 0 1 3 4 0 7 2 6 5
0 6 0 0 3 4 7 1 2 6 5
0 4 0 1 3 4 7 5 2 0 6
0 4 0 1 3 4 0 5 2 6 7
0 3 0 2 3 4 7 5 0 6 1
0 2 0 5 3 4 7 2 0 6 1
0 1 0 5 3 4 7 0 2 6 1
0 8 0 1 3 4 7 2 6 5 0
0 8 0 1 3 0 7 2 6 4 5
0 8 0 1 4 0 7 2 3 6 5
0 7 0 1 3 4 7 2 6 0 5
0 7 0 1 0 4 7 2 3 6 5
0 6 0 1 3 4 7 2 0 6 5
0 5 0 1 3 4 7 0 2 6 5
0 3 0 1 3 4 7 5 2 6 0
0 0 0 0 3 4 7 5 2 6 1
0 8 0 1 2 3 4 5 6 0 7
0 7 0 1 2 3 4 5 0 6 7
0 6 0 1 0 3 4 5 2 6 7
0 5 0 1 3 0 4 5 2 6 7
0 11 0 1 3 4 7 5 0 6 2
0 10 0 1 3 4 7 2 0 5 6
0 10 0 1 3 0 7 2 5 4 6
0 10 0 1 3 0 4 2 5 6 7
0 10 0 1 3 4 7 0 5 6 2
0 9 0 1 3 4 7 2 5 0 6
0 9 0 1 3 4 0 2 5 6 7
0 8 0 1 3 4 7 2 5 6 0
0 5 0 0 3 4 7 2 5 6 1
0 4 0 2 3 4 7 0 5 6 1
0 3 0 5 3 4 7 2 6 0 1
0 3 0 5 0 4 7 2 3 6 1
0 3 0 5 3 4 7 1 2 6 0
0 11 0 0 3 4 7 2 6 5 1
0 10 0 1 3 4 7 0 6 5 2
0 9 0 1 3 4 0 2 6 5 7
0 9 0 1 3 7 0 2 6 4 5
0 9 0 1 0 3 7 2 6 4 5
0 9 0 1 4 7 0 2 3 6 5
0 9 0 1 4 6 7 2 3 0 5
0 8 0 0 1 4 7 2 3 6 5
0 8 0 1 3 4 0 7 2 6 5
0 6 0 0 3 4 7 1 2 6 5
0 4 0 1 3 4 7 5 2 0 6
0 4 0 1 3 4 0 5 2 6 7
0 3 0 2 3 4 7 5 0 6 1
0 2 0 5 3 4 7 2 0 6 1
0 1 0 5 3 4 7 0 2 6 1
0 8 0 1 3 4 7 2 6 5 0
0 8 0 1 3 0 7 2 6 4 5
0 8 0 1 4 0 7 2 3 6 5
0 7 0 1 3 4 7 2 6 0 5
0 7 0 1 0 4 7 2 3 6 5
0 6 0 1 3 4 7 2 0 6 5
0 5 0 1 3 4 7 0 2 6 5
0 3 0 1 3 4 7 5 2 6 0
0 0 0 0 3 4 7 5 2 6 1
