0 39 0 1 3 5 7 2 4 0 6
0 38 0 1 3 5 7 2 0 4 6
0 35 0 0 3 5 7 2 1 4 6
0 34 0 3 0 5 7 2 1 4 6
0 34 0 3 1 7 0 2 4 5 6
0 35 0 0 3 1 7 2 4 5 6
0 34 0 3 0 1 7 2 4 5 6
0 37 0 2 1 5 7 3 4 6 0
0 35 0 2 1 5 7 0 4 6 3
0 33 0 2 1 5 3 0 4 6 7
0 33 0 3 1 5 7 0 4 6 2
0 33 0 3 1 5 6 2 4 0 7
0 30 0 3 1 6 5 2 4 0 7
0 26 0 3 1 7 5 2 4 0 6
0 26 0 3 1 6 0 2 4 5 7
0 44 0 1 4 0 5 2 3 6 7
0 42 0 1 4 0 7 2 3 5 6
0 40 0 0 1 5 7 2 4 3 6
0 43 0 1 4 5 0 2 3 6 7
0 42 0 1 4 5 7 2 3 6 0
0 41 0 1 4 5 7 2 3 0 6
0 40 0 1 4 5 7 2 0 3 6
0 38 0 1 5 3 7 2 0 4 6
0 39 0 1 0 5 7 2 4 3 6
0 38 0 1 5 0 7 2 4 3 6
0 36 0 1 5 0 7 2 4 6 3
0 36 0 1 4 5 7 2 0 6 3
0 37 0 1 5 3 7 2 4 0 6
0 36 0 1 5 3 7 2 4 6 0
0 35 0 1 5 3 0 2 4 6 7
0 34 0 1 5 0 3 2 4 6 7
0 34 0 1 4 5 3 2 0 6 7
0 33 0 3 1 5 7 2 0 4 6
0 33 0 3 1 0 7 2 4 5 6
0 35 0 1 0 5 7 2 4 6 3
0 34 0 0 1 5 7 2 4 6 3
0 33 0 1 0 5 3 2 4 6 7
0 32 0 0 1 5 3 2 4 6 7
0 32 0 3 1 5 7 2 4 0 6
0 31 0 3 1 5 7 2 4 6 0
0 30 0 3 1 5 0 2 4 6 7
0 29 0 3 1 0 5 2 4 6 7
0 28 0 3 0 1 5 2 4 6 7
0 28 0 2 3 1 5 0 4 6 7
0 25 0 3 1 7 5 2 4 6 0
0 24 0 3 1 7 0 2 4 6 5
0 25 0 3 1 6 7 2 4 5 0
0 24 0 3 1 6 7 2 4 0 5
0 25 0 5 3 1 7 2 4 0 6
0 27 0 0 3 1 5 2 4 6 7
0 25 0 5 3 1 0 2 4 6 7
0 23 0 3 1 0 7 2 4 6 5
0 22 0 3 0 1 7 2 4 6 5
0 24 0 5 3 1 7 2 4 6 0
0 21 0 0 3 1 7 2 4 6 5
0 20 0 2 3 1 7 0 4 6 5
0 19 0 2 3 1 7 4 0 6 5
0 16 0 0 3 1 7 4 2 6 5
0 13 0 5 3 1 7 4 2 6 0
0 11 0 5 3 1 7 0 2 6 4
0 15 0 4 5 1 7 2 3 6 0
0 12 0 5 1 0 7 2 3 6 4
0 12 0 0 5 1 7 2 3 6 4
0 11 0 5 0 1 7 2 3 6 4
0 9 0 3 1 0 7 2 5 6 4
0 9 0 3 5 1 7 2 0 6 4
0 8 0 3 0 1 7 2 5 6 4
0 10 0 2 3 1 7 4 5 6 0
0 8 0 2 3 1 7 0 5 6 4
0 6 0 4 3 1 7 2 0 5 6
0 5 0 4 3 1 7 2 5 0 6
0 5 0 4 3 1 0 2 5 6 7
0 10 0 5 3 1 7 2 0 6 4
0 7 0 0 3 1 7 2 5 6 4
0 4 0 4 3 1 7 2 5 6 0
0 2 0 4 3 1 7 0 5 6 2
0 1 0 4 3 1 7 5 0 6 2
0 0 0 4 0 1 7 5 3 6 2
