0 23 0 1 2 3 4 5 6 0 7
0 22 0 1 2 3 4 5 0 6 7
0 19 0 0 2 3 4 5 1 6 7
0 18 0 2 0 3 4 5 1 6 7
0 18 0 2 1 4 0 5 6 3 7
0 19 0 0 2 1 4 5 6 3 7
0 18 0 2 0 1 4 5 6 3 7
0 21 0 5 1 3 4 2 6 7 0
0 19 0 5 1 3 4 0 6 7 2
0 17 0 5 1 3 2 0 6 7 4
0 17 0 2 1 3 4 0 6 7 5
0 17 0 2 1 3 7 5 6 0 4
0 15 0 0 2 1 3 5 6 7 4
0 14 0 2 0 1 3 5 6 7 4
0 12 0 2 1 4 3 5 6 7 0
0 11 0 2 1 4 0 5 6 7 3
0 15 0 3 2 1 4 5 6 7 0
0 12 0 0 2 1 4 5 6 7 3
0 11 0 2 0 1 4 5 6 7 3
0 28 0 1 6 0 3 5 2 7 4
0 26 0 1 6 0 4 5 2 3 7
0 24 0 0 1 3 4 5 6 2 7
0 27 0 1 6 3 0 5 2 7 4
0 26 0 1 6 3 4 5 2 7 0
0 25 0 1 6 3 4 5 2 0 7
0 24 0 1 6 3 4 5 0 2 7
0 22 0 1 3 2 4 5 0 6 7
0 23 0 1 0 3 4 5 6 2 7
0 22 0 1 3 0 4 5 6 2 7
0 20 0 1 3 0 4 5 6 7 2
0 20 0 1 6 3 4 5 0 7 2
0 21 0 1 3 2 4 5 6 0 7
0 20 0 1 3 2 4 5 6 7 0
0 19 0 1 3 2 0 5 6 7 4
0 18 0 1 3 0 2 5 6 7 4
0 18 0 1 6 3 2 5 0 7 4
0 17 0 2 1 3 4 5 0 6 7
0 17 0 2 1 0 4 5 6 3 7
0 19 0 1 0 3 4 5 6 7 2
0 18 0 0 1 3 4 5 6 7 2
0 17 0 1 0 3 2 5 6 7 4
0 16 0 0 1 3 2 5 6 7 4
0 16 0 2 1 3 4 5 6 0 7
0 15 0 2 1 3 4 5 6 7 0
0 14 0 2 1 3 0 5 6 7 4
0 13 0 2 1 0 3 5 6 7 4
0 12 0 2 1 7 3 5 6 0 4
0 10 0 2 1 0 4 5 6 7 3
0 9 0 2 1 7 4 5 6 0 3
0 9 0 2 1 7 0 5 6 3 4
0 8 0 2 1 7 4 5 6 3 0
0 5 0 0 1 7 4 5 6 3 2
0 5 0 1 6 7 4 5 0 3 2
0 6 0 1 0 3 4 5 7 6 2
0 5 0 1 7 3 4 5 0 6 2
0 9 0 1 7 3 2 5 6 0 4
0 6 0 1 7 3 0 5 6 2 4
0 4 0 1 0 7 4 5 6 3 2
0 5 0 1 7 3 4 5 6 2 0
0 4 0 1 7 3 4 5 6 0 2
0 3 0 1 7 0 4 5 6 3 2
0 2 0 1 7 4 0 5 6 3 2
0 1 0 1 7 4 2 5 6 3 0
0 0 0 1 7 4 2 5 6 0 3
