0 25 0 1 2 3 4 0 6 7 5
0 24 0 1 2 3 4 6 0 7 5
0 21 0 0 2 3 4 6 1 7 5
0 20 0 6 2 3 4 5 0 1 7
0 17 0 2 1 3 4 5 0 7 6
0 18 0 5 2 3 4 6 1 7 0
0 17 0 5 2 3 4 1 0 7 6
0 19 0 1 2 3 6 5 7 0 4
0 19 0 1 2 3 6 0 5 7 4
0 19 0 1 0 3 6 5 2 7 4
0 23 0 0 2 3 4 5 7 6 1
0 22 0 1 2 3 4 0 7 6 5
0 21 0 1 2 3 0 5 7 6 4
0 24 0 0 2 3 4 6 5 7 1
0 22 0 1 2 3 4 6 5 0 7
0 22 0 1 2 3 0 6 5 7 4
0 20 0 1 2 0 4 5 7 3 6
0 22 0 1 2 3 0 4 5 7 6
0 20 0 0 2 3 4 1 5 7 6
0 20 0 1 3 0 4 5 2 7 6
0 20 0 0 1 3 4 5 2 7 6
0 20 0 6 2 3 4 0 1 7 5
0 19 0 6 2 3 4 5 1 0 7
0 19 0 6 2 3 0 5 1 7 4
0 16 0 2 0 3 4 5 1 7 6
0 16 0 5 2 3 4 0 1 7 6
0 18 0 1 2 3 6 5 0 7 4
0 15 0 0 2 3 6 5 1 7 4
0 20 0 1 2 3 4 5 7 6 0
0 21 0 1 2 3 4 6 5 7 0
0 19 0 1 2 3 4 5 7 0 6
0 19 0 1 2 3 4 0 5 7 6
0 19 0 1 0 3 4 5 2 7 6
0 18 0 6 2 3 4 5 1 7 0
0 18 0 1 2 3 4 5 0 7 6
0 15 0 0 2 3 4 5 1 7 6
0 13 0 4 2 3 0 5 1 7 6
0 12 0 4 2 3 6 5 1 7 0
0 11 0 4 2 3 6 5 1 0 7
0 10 0 4 2 3 6 5 0 1 7
0 9 0 4 0 3 6 5 2 1 7
0 7 0 7 4 3 6 5 0 2 1
0 9 0 7 4 3 1 5 2 0 6
0 8 0 0 4 3 7 5 2 1 6
0 8 0 0 4 3 6 5 2 1 7
0 6 0 7 4 3 6 5 2 0 1
0 6 0 7 4 3 0 5 2 1 6
0 5 0 7 4 3 6 5 2 1 0
0 3 0 7 4 3 6 0 2 1 5
0 3 0 7 4 3 1 6 2 0 5
0 2 0 0 4 3 7 6 2 1 5
0 1 0 7 4 3 5 6 2 1 0
0 0 0 7 4 3 0 6 2 1 5
0 25 0 1 2 3 4 0 6 7 5
0 24 0 1 2 3 4 6 0 7 5
0 21 0 0 2 3 4 6 1 7 5
0 20 0 6 2 3 4 5 0 1 7
0 17 0 2 1 3 4 5 0 7 6
0 18 0 5 2 3 4 6 1 7 0
0 17 0 5 2 3 4 1 0 7 6
0 19 0 1 2 3 6 5 7 0 4
0 19 0 1 2 3 6 0 5 7 4
0 19 0 1 0 3 6 5 2 7 4
0 23 0 0 2 3 4 5 7 6 1
0 22 0 1 2 3 4 0 7 6 5
0 21 0 1 2 3 0 5 7 6 4
0 24 0 0 2 3 4 6 5 7 1
0 22 0 1 2 3 4 6 5 0 7
0 22 0 1 2 3 0 6 5 7 4
0 20 0 1 2 0 4 5 7 3 6
0 22 0 1 2 3 0 4 5 7 6
0 20 0 0 2 3 4 1 5 7 6
0 20 0 1 3 0 4 5 2 7 6
0 20 0 0 1 3 4 5 2 7 6
0 20 0 6 2 3 4 0 1 7 5
0 19 0 6 2 3 4 5 1 0 7
0 19 0 6 2 3 0 5 1 7 4
0 16 0 2 0 3 4 5 1 7 6
0 16 0 5 2 3 4 0 1 7 6
0 18 0 1 2 3 6 5 0 7 4
0 15 0 0 2 3 6 5 1 7 4
0 20 0 1 2 3 4 5 7 6 0
0 21 0 1 2 3 4 6 5 7 0
0 19 0 1 2 3 4 5 7 0 6
0 19 0 1 2 3 4 0 5 7 6
0 19 0 1 0 3 4 5 2 7 6
0 18 0 6 2 3 4 5 1 7 0
0 18 0 1 2 3 4 5 0 7 6
0 15 0 0 2 3 4 5 1 7 6
0 13 0 4 2 3 0 5 1 7 6
0 12 0 4 2 3 6 5 1 7 0
0 11 0 4 2 3 6 5 1 0 7
0 10 0 4 2 3 6 5 0 1 7
0 9 0 4 0 3 6 5 2 1 7
0 7 0 7 4 3 6 5 0 2 1
0 9 0 7 4 3 1 5 2 0 6
0 8 0 0 4 3 7 5 2 1 6
0 8 0 0 4 3 6 5 2 1 7
0 6 0 7 4 3 6 5 2 0 1
0 6 0 7 4 3 0 5 2 1 6
0 5 0 7 4 3 6 5 2 1 0
0 3 0 7 4 3 6 0 2 1 5
0 3 0 7 4 3 1 6 2 0 5
0 2 0 0 4 3 7 6 2 1 5
0 1 0 7 4 3 5 6 2 1 0
0 0 0 7 4 3 0 6 2 1 5
0 25 0 1 2 3 4 0 6 7 5
0 24 0 1 2 3 4 6 0 7 5
0 21 0 0 2 3 4 6 1 7 5
0 20 0 6 2 3 4 5 0 1 7
0 17 0 2 1 3 4 5 0 7 6
0 18 0 5 2 3 4 6 1 7 0
0 17 0 5 2 3 4 1 0 7 6
0 19 0 1 2 3 6 5 7 0 4
0 19 0 1 2 3 6 0 5 7 4
0 19 0 1 0 3 6 5 2 7 4
0 23 0 0 2 3 4 5 7 6 1
0 22 0 1 2 3 4 0 7 6 5
0 21 0 1 2 3 0 5 7 6 4
0 24 0 0 2 3 4 6 5 7 1
0 22 0 1 2 3 4 6 5 0 7
0 22 0 1 2 3 0 6 5 7 4
0 20 0 1 2 0 4 5 7 3 6
0 22 0 1 2 3 0 4 5 7 6
0 20 0 0 2 3 4 1 5 7 6
0 20 0 1 3 0 4 5 2 7 6
0 20 0 0 1 3 4 5 2 7 6
0 20 0 6 2 3 4 0 1 7 5
0 19 0 6 2 3 4 5 1 0 7
0 19 0 6 2 3 0 5 1 7 4
0 16 0 2 0 3 4 5 1 7 6
0 16 0 5 2 3 4 0 1 7 6
0 18 0 1 2 3 6 5 0 7 4
0 15 0 0 2 3 6 5 1 7 4
0 20 0 1 2 3 4 5 7 6 0
0 21 0 1 2 3 4 6 5 7 0
0 19 0 1 2 3 4 5 7 0 6
0 19 0 1 2 3 4 0 5 7 6
0 19 0 1 0 3 4 5 2 7 6
0 18 0 6 2 3 4 5 1 7 0
0 18 0 1 2 3 4 5 0 7 6
0 15 0 0 2 3 4 5 1 7 6
0 13 0 4 2 3 0 5 1 7 6
0 12 0 4 2 3 6 5 1 7 0
0 11 0 4 2 3 6 5 1 0 7
0 10 0 4 2 3 6 5 0 1 7
0 9 0 4 0 3 6 5 2 1 7
0 7 0 7 4 3 6 5 0 2 1
0 9 0 7 4 3 1 5 2 0 6
0 8 0 0 4 3 7 5 2 1 6
0 8 0 0 4 3 6 5 2 1 7
0 6 0 7 4 3 6 5 2 0 1
0 6 0 7 4 3 0 5 2 1 6
0 5 0 7 4 3 6 5 2 1 0
0 3 0 7 4 3 6 0 2 1 5
0 3 0 7 4 3 1 6 2 0 5
0 2 0 0 4 3 7 6 2 1 5
0 1 0 7 4 3 5 6 2 1 0
0 0 0 7 4 3 0 6 2 1 5
