0 30 0 1 3 5 7 2 4 0 6
0 27 0 1 3 5 0 2 4 7 6
0 26 0 1 3 0 5 2 4 7 6
0 28 0 1 3 7 2 5 4 6 0
0 27 0 1 3 7 6 2 4 5 0
0 27 0 1 3 0 6 2 4 7 5
0 25 0 1 5 3 7 2 4 6 0
0 22 0 0 5 3 7 2 4 6 1
0 22 0 5 3 6 7 2 4 1 0
0 29 0 0 3 6 7 2 4 5 1
0 28 0 1 3 6 7 0 4 5 2
0 27 0 1 3 6 0 2 4 5 7
0 26 0 0 1 3 7 2 4 6 5
0 26 0 1 4 3 7 2 0 6 5
0 26 0 1 3 6 7 2 0 4 5
0 26 0 1 3 7 5 0 4 6 2
0 25 0 1 3 7 5 2 4 0 6
0 26 0 1 3 7 2 0 4 6 5
0 26 0 1 3 7 6 2 4 0 5
0 21 0 5 0 3 7 2 4 6 1
0 21 0 5 3 6 7 2 4 0 1
0 21 0 0 3 7 5 2 4 6 1
0 26 0 1 3 6 7 2 4 5 0
0 25 0 1 0 3 7 2 4 6 5
0 25 0 1 3 6 7 2 4 0 5
0 24 0 1 3 7 5 2 4 6 0
0 24 0 1 3 0 7 2 4 6 5
0 23 0 1 3 7 0 2 4 6 5
0 21 0 0 3 7 1 2 4 6 5
0 20 0 5 3 0 7 2 4 6 1
0 19 0 5 3 7 0 2 4 6 1
0 18 0 5 3 7 1 2 4 6 0
0 17 0 5 3 7 1 2 4 0 6
0 16 0 0 3 7 5 2 4 1 6
0 15 0 5 3 7 6 2 4 1 0
0 15 0 0 5 3 7 2 4 1 6
0 20 0 7 0 3 1 2 4 6 5
0 20 0 7 3 6 1 2 4 0 5
0 21 0 7 3 1 5 0 4 6 2
0 20 0 7 3 1 5 2 4 0 6
0 19 0 3 1 7 0 2 4 6 5
0 19 0 3 1 6 7 2 4 0 5
0 20 0 2 3 1 7 5 4 0 6
0 20 0 2 3 1 0 5 4 6 7
0 19 0 4 3 1 7 5 0 6 2
0 18 0 7 3 1 0 5 4 6 2
0 17 0 3 0 1 7 5 4 6 2
0 19 0 4 3 1 5 2 0 6 7
0 17 0 3 0 1 5 2 4 6 7
0 17 0 2 3 1 5 0 4 6 7
0 16 0 5 0 3 1 2 4 6 7
0 16 0 5 3 6 1 2 4 0 7
0 20 0 4 3 1 7 2 6 0 5
0 20 0 4 3 1 7 0 2 6 5
0 20 0 4 0 1 7 2 3 6 5
0 21 0 7 3 1 2 0 4 6 5
0 21 0 7 3 1 6 2 4 0 5
0 18 0 3 4 1 7 2 0 6 5
0 20 0 2 3 1 0 7 4 6 5
0 18 0 2 3 1 7 4 0 6 5
0 18 0 5 3 1 0 7 4 6 2
0 16 0 5 3 1 7 4 0 6 2
0 17 0 5 3 1 2 0 4 6 7
0 17 0 5 3 1 6 2 4 0 7
0 14 0 5 3 7 0 2 4 1 6
0 14 0 5 0 3 7 2 4 1 6
0 19 0 7 3 0 1 2 4 6 5
0 19 0 7 3 1 5 2 4 6 0
0 18 0 3 1 0 7 2 4 6 5
0 19 0 2 3 1 7 5 4 6 0
0 16 0 0 3 1 7 5 4 6 2
0 16 0 0 3 1 5 2 4 6 7
0 15 0 5 3 0 1 2 4 6 7
0 19 0 4 3 1 7 2 0 6 5
0 18 0 7 3 1 0 2 4 6 5
0 17 0 3 0 1 7 2 4 6 5
0 17 0 2 3 1 7 0 4 6 5
0 15 0 5 3 1 7 0 4 6 2
0 14 0 5 3 1 0 2 4 6 7
0 13 0 5 3 0 7 2 4 1 6
0 16 0 0 3 1 7 2 4 6 5
0 13 0 5 3 1 7 2 4 6 0
0 12 0 5 3 1 7 2 4 0 6
0 11 0 5 3 1 7 2 0 4 6
0 8 0 0 3 1 7 2 5 4 6
0 5 0 6 3 1 7 2 5 4 0
0 5 0 6 3 1 7 2 0 5 4
0 4 0 6 3 1 7 2 5 0 4
0 3 0 6 3 0 7 2 5 1 4
0 2 0 6 3 7 0 2 5 1 4
0 0 0 0 3 7 6 2 5 1 4
0 30 0 1 3 5 7 2 4 0 6
0 27 0 1 3 5 0 2 4 7 6
0 26 0 1 3 0 5 2 4 7 6
0 28 0 1 3 7 2 5 4 6 0
0 27 0 1 3 7 6 2 4 5 0
0 27 0 1 3 0 6 2 4 7 5
0 25 0 1 5 3 7 2 4 6 0
0 22 0 0 5 3 7 2 4 6 1
0 22 0 5 3 6 7 2 4 1 0
0 29 0 0 3 6 7 2 4 5 1
0 28 0 1 3 6 7 0 4 5 2
0 27 0 1 3 6 0 2 4 5 7
0 26 0 0 1 3 7 2 4 6 5
0 26 0 1 4 3 7 2 0 6 5
0 26 0 1 3 6 7 2 0 4 5
0 26 0 1 3 7 5 0 4 6 2
0 25 0 1 3 7 5 2 4 0 6
0 26 0 1 3 7 2 0 4 6 5
0 26 0 1 3 7 6 2 4 0 5
0 21 0 5 0 3 7 2 4 6 1
0 21 0 5 3 6 7 2 4 0 1
0 21 0 0 3 7 5 2 4 6 1
0 26 0 1 3 6 7 2 4 5 0
0 25 0 1 0 3 7 2 4 6 5
0 25 0 1 3 6 7 2 4 0 5
0 24 0 1 3 7 5 2 4 6 0
0 24 0 1 3 0 7 2 4 6 5
0 23 0 1 3 7 0 2 4 6 5
0 21 0 0 3 7 1 2 4 6 5
0 20 0 5 3 0 7 2 4 6 1
0 19 0 5 3 7 0 2 4 6 1
0 18 0 5 3 7 1 2 4 6 0
0 17 0 5 3 7 1 2 4 0 6
0 16 0 0 3 7 5 2 4 1 6
0 15 0 5 3 7 6 2 4 1 0
0 15 0 0 5 3 7 2 4 1 6
0 20 0 7 0 3 1 2 4 6 5
0 20 0 7 3 6 1 2 4 0 5
0 21 0 7 3 1 5 0 4 6 2
0 20 0 7 3 1 5 2 4 0 6
0 19 0 3 1 7 0 2 4 6 5
0 19 0 3 1 6 7 2 4 0 5
0 20 0 2 3 1 7 5 4 0 6
0 20 0 2 3 1 0 5 4 6 7
0 19 0 4 3 1 7 5 0 6 2
0 18 0 7 3 1 0 5 4 6 2
0 17 0 3 0 1 7 5 4 6 2
0 19 0 4 3 1 5 2 0 6 7
0 17 0 3 0 1 5 2 4 6 7
0 17 0 2 3 1 5 0 4 6 7
0 16 0 5 0 3 1 2 4 6 7
0 16 0 5 3 6 1 2 4 0 7
0 20 0 4 3 1 7 2 6 0 5
0 20 0 4 3 1 7 0 2 6 5
0 20 0 4 0 1 7 2 3 6 5
0 21 0 7 3 1 2 0 4 6 5
0 21 0 7 3 1 6 2 4 0 5
0 18 0 3 4 1 7 2 0 6 5
0 20 0 2 3 1 0 7 4 6 5
0 18 0 2 3 1 7 4 0 6 5
0 18 0 5 3 1 0 7 4 6 2
0 16 0 5 3 1 7 4 0 6 2
0 17 0 5 3 1 2 0 4 6 7
0 17 0 5 3 1 6 2 4 0 7
0 14 0 5 3 7 0 2 4 1 6
0 14 0 5 0 3 7 2 4 1 6
0 19 0 7 3 0 1 2 4 6 5
0 19 0 7 3 1 5 2 4 6 0
0 18 0 3 1 0 7 2 4 6 5
0 19 0 2 3 1 7 5 4 6 0
0 16 0 0 3 1 7 5 4 6 2
0 16 0 0 3 1 5 2 4 6 7
0 15 0 5 3 0 1 2 4 6 7
0 19 0 4 3 1 7 2 0 6 5
0 18 0 7 3 1 0 2 4 6 5
0 17 0 3 0 1 7 2 4 6 5
0 17 0 2 3 1 7 0 4 6 5
0 15 0 5 3 1 7 0 4 6 2
0 14 0 5 3 1 0 2 4 6 7
0 13 0 5 3 0 7 2 4 1 6
0 16 0 0 3 1 7 2 4 6 5
0 13 0 5 3 1 7 2 4 6 0
0 12 0 5 3 1 7 2 4 0 6
0 11 0 5 3 1 7 2 0 4 6
0 8 0 0 3 1 7 2 5 4 6
0 5 0 6 3 1 7 2 5 4 0
0 5 0 6 3 1 7 2 0 5 4
0 4 0 6 3 1 7 2 5 0 4
0 3 0 6 3 0 7 2 5 1 4
0 2 0 6 3 7 0 2 5 1 4
0 0 0 0 3 7 6 2 5 1 4
0 30 0 1 3 5 7 2 4 0 6
0 27 0 1 3 5 0 2 4 7 6
0 26 0 1 3 0 5 2 4 7 6
0 28 0 1 3 7 2 5 4 6 0
0 27 0 1 3 7 6 2 4 5 0
0 27 0 1 3 0 6 2 4 7 5
0 25 0 1 5 3 7 2 4 6 0
0 22 0 0 5 3 7 2 4 6 1
0 22 0 5 3 6 7 2 4 1 0
0 29 0 0 3 6 7 2 4 5 1
0 28 0 1 3 6 7 0 4 5 2
0 27 0 1 3 6 0 2 4 5 7
0 26 0 0 1 3 7 2 4 6 5
0 26 0 1 4 3 7 2 0 6 5
0 26 0 1 3 6 7 2 0 4 5
0 26 0 1 3 7 5 0 4 6 2
0 25 0 1 3 7 5 2 4 0 6
0 26 0 1 3 7 2 0 4 6 5
0 26 0 1 3 7 6 2 4 0 5
0 21 0 5 0 3 7 2 4 6 1
0 21 0 5 3 6 7 2 4 0 1
0 21 0 0 3 7 5 2 4 6 1
0 26 0 1 3 6 7 2 4 5 0
0 25 0 1 0 3 7 2 4 6 5
0 25 0 1 3 6 7 2 4 0 5
0 24 0 1 3 7 5 2 4 6 0
0 24 0 1 3 0 7 2 4 6 5
0 23 0 1 3 7 0 2 4 6 5
0 21 0 0 3 7 1 2 4 6 5
0 20 0 5 3 0 7 2 4 6 1
0 19 0 5 3 7 0 2 4 6 1
0 18 0 5 3 7 1 2 4 6 0
0 17 0 5 3 7 1 2 4 0 6
0 16 0 0 3 7 5 2 4 1 6
0 15 0 5 3 7 6 2 4 1 0
0 15 0 0 5 3 7 2 4 1 6
0 20 0 7 0 3 1 2 4 6 5
0 20 0 7 3 6 1 2 4 0 5
0 21 0 7 3 1 5 0 4 6 2
0 20 0 7 3 1 5 2 4 0 6
0 19 0 3 1 7 0 2 4 6 5
0 19 0 3 1 6 7 2 4 0 5
0 20 0 2 3 1 7 5 4 0 6
0 20 0 2 3 1 0 5 4 6 7
0 19 0 4 3 1 7 5 0 6 2
0 18 0 7 3 1 0 5 4 6 2
0 17 0 3 0 1 7 5 4 6 2
0 19 0 4 3 1 5 2 0 6 7
0 17 0 3 0 1 5 2 4 6 7
0 17 0 2 3 1 5 0 4 6 7
0 16 0 5 0 3 1 2 4 6 7
0 16 0 5 3 6 1 2 4 0 7
0 20 0 4 3 1 7 2 6 0 5
0 20 0 4 3 1 7 0 2 6 5
0 20 0 4 0 1 7 2 3 6 5
0 21 0 7 3 1 2 0 4 6 5
0 21 0 7 3 1 6 2 4 0 5
0 18 0 3 4 1 7 2 0 6 5
0 20 0 2 3 1 0 7 4 6 5
0 18 0 2 3 1 7 4 0 6 5
0 18 0 5 3 1 0 7 4 6 2
0 16 0 5 3 1 7 4 0 6 2
0 17 0 5 3 1 2 0 4 6 7
0 17 0 5 3 1 6 2 4 0 7
0 14 0 5 3 7 0 2 4 1 6
0 14 0 5 0 3 7 2 4 1 6
0 19 0 7 3 0 1 2 4 6 5
0 19 0 7 3 1 5 2 4 6 0
0 18 0 3 1 0 7 2 4 6 5
0 19 0 2 3 1 7 5 4 6 0
0 16 0 0 3 1 7 5 4 6 2
0 16 0 0 3 1 5 2 4 6 7
0 15 0 5 3 0 1 2 4 6 7
0 19 0 4 3 1 7 2 0 6 5
0 18 0 7 3 1 0 2 4 6 5
0 17 0 3 0 1 7 2 4 6 5
0 17 0 2 3 1 7 0 4 6 5
0 15 0 5 3 1 7 0 4 6 2
0 14 0 5 3 1 0 2 4 6 7
0 13 0 5 3 0 7 2 4 1 6
0 16 0 0 3 1 7 2 4 6 5
0 13 0 5 3 1 7 2 4 6 0
0 12 0 5 3 1 7 2 4 0 6
0 11 0 5 3 1 7 2 0 4 6
0 8 0 0 3 1 7 2 5 4 6
0 5 0 6 3 1 7 2 5 4 0
0 5 0 6 3 1 7 2 0 5 4
0 4 0 6 3 1 7 2 5 0 4
0 3 0 6 3 0 7 2 5 1 4
0 2 0 6 3 7 0 2 5 1 4
0 0 0 0 3 7 6 2 5 1 4
