0 17 0 1 3 5 7 2 4 0 6
0 16 0 1 3 5 7 2 0 4 6
0 13 0 0 3 5 7 2 1 4 6
0 12 0 3 0 5 7 2 1 4 6
0 12 0 3 1 7 0 2 4 5 6
0 13 0 0 3 1 7 2 4 5 6
0 12 0 3 0 1 7 2 4 5 6
0 15 0 2 1 5 7 3 4 6 0
0 13 0 2 1 5 7 0 4 6 3
0 11 0 0 3 1 5 2 4 6 7
0 10 0 3 0 1 5 2 4 6 7
0 10 0 3 1 6 5 2 4 0 7
0 10 0 1 5 3 7 0 4 6 2
0 10 0 1 5 3 6 2 4 0 7
0 7 0 1 5 6 3 2 4 0 7
0 11 0 3 1 5 7 0 4 6 2
0 11 0 3 1 5 6 2 4 0 7
0 7 0 2 1 5 3 0 4 6 7
0 5 0 1 4 5 3 2 6 0 7
0 7 0 1 4 5 7 3 2 6 0
0 6 0 1 4 5 0 3 2 6 7
0 5 0 3 4 5 7 1 2 6 0
0 4 0 3 4 5 0 1 2 6 7
0 16 0 1 4 0 5 2 3 6 7
0 14 0 1 4 0 7 2 3 5 6
0 12 0 0 1 5 7 2 4 3 6
0 15 0 1 4 5 0 2 3 6 7
0 14 0 1 4 5 7 2 3 6 0
0 13 0 1 4 5 7 2 3 0 6
0 12 0 1 4 5 7 2 0 3 6
0 14 0 1 5 0 7 2 4 6 3
0 14 0 1 4 5 7 2 0 6 3
0 10 0 1 5 3 7 2 0 4 6
0 11 0 1 0 5 7 2 4 3 6
0 10 0 1 5 0 7 2 4 3 6
0 11 0 3 1 5 7 2 0 4 6
0 11 0 3 1 0 7 2 4 5 6
0 13 0 1 0 5 7 2 4 6 3
0 12 0 0 1 5 7 2 4 6 3
0 9 0 3 1 0 5 2 4 6 7
0 9 0 1 5 3 7 2 4 0 6
0 8 0 1 5 3 7 2 4 6 0
0 7 0 1 5 3 0 2 4 6 7
0 6 0 1 5 0 3 2 4 6 7
0 10 0 3 1 5 7 2 4 0 6
0 9 0 3 1 5 7 2 4 6 0
0 8 0 3 1 5 0 2 4 6 7
0 6 0 0 1 5 3 2 4 6 7
0 5 0 1 0 5 3 2 4 6 7
0 4 0 1 4 5 3 2 0 6 7
0 3 0 1 4 5 3 0 2 6 7
0 2 0 0 4 5 3 1 2 6 7
0 1 0 4 0 5 3 1 2 6 7
0 0 0 4 2 5 3 1 0 6 7
