0 9 0 1 2 3 4 5 6 0 7
0 8 0 1 2 3 4 5 0 6 7
0 7 0 1 0 3 4 5 2 6 7
0 6 0 1 3 0 4 5 2 6 7
0 5 0 1 3 6 4 5 2 0 7
0 5 0 1 2 3 6 5 7 0 4
0 17 0 6 1 3 4 5 2 7 0
0 17 0 2 1 3 4 5 0 7 6
0 15 0 6 2 3 4 1 5 7 0
0 15 0 5 2 3 4 1 0 7 6
0 14 0 1 2 3 4 7 6 5 0
0 13 0 0 2 3 4 1 6 5 7
0 16 0 1 2 0 3 5 7 6 4
0 14 0 1 2 0 4 5 7 3 6
0 14 0 1 3 0 4 5 2 7 6
0 14 0 0 1 3 4 5 2 7 6
0 12 0 0 2 3 4 1 5 7 6
0 12 0 1 2 3 4 0 6 5 7
0 11 0 1 2 3 4 6 0 5 7
0 11 0 1 2 0 4 6 5 3 7
0 9 0 1 2 0 3 6 5 7 4
0 15 0 1 2 3 0 5 7 6 4
0 14 0 1 2 3 4 5 7 6 0
0 13 0 1 2 3 4 5 7 0 6
0 13 0 1 0 3 4 5 2 7 6
0 12 0 1 2 3 4 5 0 7 6
0 11 0 1 2 3 4 0 5 7 6
0 10 0 1 2 3 4 6 5 0 7
0 9 0 1 2 3 4 6 5 7 0
0 8 0 1 2 3 0 6 5 7 4
0 5 0 1 2 3 6 0 5 7 4
0 4 0 1 3 6 4 5 2 7 0
0 3 0 1 3 6 0 5 2 7 4
0 4 0 1 2 3 6 5 0 7 4
0 3 0 1 0 3 6 5 2 7 4
0 2 0 1 3 0 6 5 2 7 4
0 1 0 1 3 7 6 5 2 0 4
0 0 0 1 3 7 6 5 0 2 4
