0 21 0 0 3 5 7 2 4 6 1
0 20 0 3 0 5 7 2 4 6 1
0 19 0 3 4 5 7 2 0 6 1
0 18 0 4 3 5 7 2 0 6 1
0 17 0 4 0 5 7 2 3 6 1
0 17 0 1 0 5 7 3 4 6 2
0 16 0 1 4 5 7 3 0 6 2
0 15 0 1 5 0 7 2 4 3 6
0 15 0 0 1 5 7 2 4 3 6
0 16 0 0 4 5 7 2 3 6 1
0 15 0 1 4 5 7 0 3 6 2
0 14 0 1 4 5 0 2 3 6 7
0 14 0 1 0 5 7 2 4 3 6
0 13 0 1 4 5 7 2 0 3 6
0 13 0 1 4 5 7 2 3 6 0
0 12 0 1 4 5 7 2 3 0 6
0 11 0 1 4 0 7 2 3 5 6
0 18 0 5 3 4 7 2 6 0 1
0 18 0 5 3 4 7 0 2 6 1
0 18 0 5 0 4 7 2 3 6 1
0 15 0 1 3 4 7 5 6 0 2
0 15 0 1 0 4 7 5 3 6 2
0 14 0 1 0 3 4 2 5 6 7
0 14 0 1 3 6 4 2 5 0 7
0 16 0 7 3 4 0 2 5 6 1
0 15 0 3 0 4 7 2 5 6 1
0 15 0 2 3 4 7 0 5 6 1
0 16 0 1 3 4 0 7 5 6 2
0 14 0 0 3 4 7 1 5 6 2
0 15 0 1 3 4 2 0 5 6 7
0 15 0 1 3 4 6 2 5 0 7
0 14 0 0 3 4 1 2 5 6 7
0 12 0 1 3 7 0 2 5 4 6
0 12 0 1 0 3 7 2 5 4 6
0 10 0 1 3 4 7 0 2 5 6
0 10 0 1 0 4 7 2 3 5 6
0 17 0 5 3 4 7 2 0 6 1
0 14 0 1 3 4 7 5 0 6 2
0 13 0 1 3 0 4 2 5 6 7
0 14 0 0 3 4 7 2 5 6 1
0 13 0 1 3 4 7 0 5 6 2
0 12 0 1 3 4 0 2 5 6 7
0 11 0 1 3 0 7 2 5 4 6
0 11 0 1 3 4 7 2 5 6 0
0 10 0 1 3 4 7 2 5 0 6
0 9 0 1 3 4 7 2 0 5 6
0 6 0 0 3 4 7 2 1 5 6
0 3 0 6 3 4 7 2 1 5 0
0 3 0 6 3 4 7 2 0 1 5
0 2 0 6 3 4 7 2 1 0 5
0 1 0 6 3 0 7 2 1 4 5
0 0 0 6 0 3 7 2 1 4 5
0 21 0 0 3 5 7 2 4 6 1
0 20 0 3 0 5 7 2 4 6 1
0 19 0 3 4 5 7 2 0 6 1
0 18 0 4 3 5 7 2 0 6 1
0 17 0 4 0 5 7 2 3 6 1
0 17 0 1 0 5 7 3 4 6 2
0 16 0 1 4 5 7 3 0 6 2
0 15 0 1 5 0 7 2 4 3 6
0 15 0 0 1 5 7 2 4 3 6
0 16 0 0 4 5 7 2 3 6 1
0 15 0 1 4 5 7 0 3 6 2
0 14 0 1 4 5 0 2 3 6 7
0 14 0 1 0 5 7 2 4 3 6
0 13 0 1 4 5 7 2 0 3 6
0 13 0 1 4 5 7 2 3 6 0
0 12 0 1 4 5 7 2 3 0 6
0 11 0 1 4 0 7 2 3 5 6
0 18 0 5 3 4 7 2 6 0 1
0 18 0 5 3 4 7 0 2 6 1
0 18 0 5 0 4 7 2 3 6 1
0 15 0 1 3 4 7 5 6 0 2
0 15 0 1 0 4 7 5 3 6 2
0 14 0 1 0 3 4 2 5 6 7
0 14 0 1 3 6 4 2 5 0 7
0 16 0 7 3 4 0 2 5 6 1
0 15 0 3 0 4 7 2 5 6 1
0 15 0 2 3 4 7 0 5 6 1
0 16 0 1 3 4 0 7 5 6 2
0 14 0 0 3 4 7 1 5 6 2
0 15 0 1 3 4 2 0 5 6 7
0 15 0 1 3 4 6 2 5 0 7
0 14 0 0 3 4 1 2 5 6 7
0 12 0 1 3 7 0 2 5 4 6
0 12 0 1 0 3 7 2 5 4 6
0 10 0 1 3 4 7 0 2 5 6
0 10 0 1 0 4 7 2 3 5 6
0 17 0 5 3 4 7 2 0 6 1
0 14 0 1 3 4 7 5 0 6 2
0 13 0 1 3 0 4 2 5 6 7
0 14 0 0 3 4 7 2 5 6 1
0 13 0 1 3 4 7 0 5 6 2
0 12 0 1 3 4 0 2 5 6 7
0 11 0 1 3 0 7 2 5 4 6
0 11 0 1 3 4 7 2 5 6 0
0 10 0 1 3 4 7 2 5 0 6
0 9 0 1 3 4 7 2 0 5 6
0 6 0 0 3 4 7 2 1 5 6
0 3 0 6 3 4 7 2 1 5 0
0 3 0 6 3 4 7 2 0 1 5
0 2 0 6 3 4 7 2 1 0 5
0 1 0 6 3 0 7 2 1 4 5
0 0 0 6 0 3 7 2 1 4 5
0 21 0 0 3 5 7 2 4 6 1
0 20 0 3 0 5 7 2 4 6 1
0 19 0 3 4 5 7 2 0 6 1
0 18 0 4 3 5 7 2 0 6 1
0 17 0 4 0 5 7 2 3 6 1
0 17 0 1 0 5 7 3 4 6 2
0 16 0 1 4 5 7 3 0 6 2
0 15 0 1 5 0 7 2 4 3 6
0 15 0 0 1 5 7 2 4 3 6
0 16 0 0 4 5 7 2 3 6 1
0 15 0 1 4 5 7 0 3 6 2
0 14 0 1 4 5 0 2 3 6 7
0 14 0 1 0 5 7 2 4 3 6
0 13 0 1 4 5 7 2 0 3 6
0 13 0 1 4 5 7 2 3 6 0
0 12 0 1 4 5 7 2 3 0 6
0 11 0 1 4 0 7 2 3 5 6
0 18 0 5 3 4 7 2 6 0 1
0 18 0 5 3 4 7 0 2 6 1
0 18 0 5 0 4 7 2 3 6 1
0 15 0 1 3 4 7 5 6 0 2
0 15 0 1 0 4 7 5 3 6 2
0 14 0 1 0 3 4 2 5 6 7
0 14 0 1 3 6 4 2 5 0 7
0 16 0 7 3 4 0 2 5 6 1
0 15 0 3 0 4 7 2 5 6 1
0 15 0 2 3 4 7 0 5 6 1
0 16 0 1 3 4 0 7 5 6 2
0 14 0 0 3 4 7 1 5 6 2
0 15 0 1 3 4 2 0 5 6 7
0 15 0 1 3 4 6 2 5 0 7
0 14 0 0 3 4 1 2 5 6 7
0 12 0 1 3 7 0 2 5 4 6
0 12 0 1 0 3 7 2 5 4 6
0 10 0 1 3 4 7 0 2 5 6
0 10 0 1 0 4 7 2 3 5 6
0 17 0 5 3 4 7 2 0 6 1
0 14 0 1 3 4 7 5 0 6 2
0 13 0 1 3 0 4 2 5 6 7
0 14 0 0 3 4 7 2 5 6 1
0 13 0 1 3 4 7 0 5 6 2
0 12 0 1 3 4 0 2 5 6 7
0 11 0 1 3 0 7 2 5 4 6
0 11 0 1 3 4 7 2 5 6 0
0 10 0 1 3 4 7 2 5 0 6
0 9 0 1 3 4 7 2 0 5 6
0 6 0 0 3 4 7 2 1 5 6
0 3 0 6 3 4 7 2 1 5 0
0 3 0 6 3 4 7 2 0 1 5
0 2 0 6 3 4 7 2 1 0 5
0 1 0 6 3 0 7 2 1 4 5
0 0 0 6 0 3 7 2 1 4 5
