0 13 0 1 3 5 7 0 4 6 2
0 12 0 1 3 5 7 4 0 6 2
0 9 0 0 3 5 7 4 1 6 2
0 12 0 1 3 5 4 2 0 6 7
0 9 0 0 3 5 4 2 1 6 7
0 17 0 0 3 5 7 2 6 4 1
0 16 0 1 3 5 7 0 6 4 2
0 15 0 1 3 5 0 2 6 4 7
0 18 0 0 3 5 7 4 2 6 1
0 16 0 1 3 5 7 4 2 0 6
0 16 0 1 3 5 0 4 2 6 7
0 14 0 1 3 0 7 2 6 5 4
0 16 0 1 3 5 0 7 2 6 4
0 14 0 0 3 5 7 1 2 6 4
0 14 0 1 5 0 7 2 3 6 4
0 14 0 0 1 5 7 2 3 6 4
0 11 0 7 3 5 0 2 1 6 4
0 10 0 3 0 5 7 2 1 6 4
0 10 0 2 3 5 7 0 1 6 4
0 8 0 4 3 5 7 0 1 6 2
0 7 0 4 3 5 0 2 1 6 7
0 14 0 1 3 5 7 2 6 4 0
0 15 0 1 3 5 7 4 2 6 0
0 13 0 1 3 5 7 2 6 0 4
0 13 0 1 3 5 7 0 2 6 4
0 13 0 1 0 5 7 2 3 6 4
0 12 0 1 3 5 7 2 0 6 4
0 9 0 0 3 5 7 2 1 6 4
0 6 0 4 3 5 7 2 1 6 0
0 5 0 4 3 5 7 2 1 0 6
0 4 0 4 3 5 7 2 0 1 6
0 3 0 4 3 5 7 0 2 1 6
0 0 0 4 3 5 0 7 2 1 6
0 13 0 1 3 5 7 0 4 6 2
0 12 0 1 3 5 7 4 0 6 2
0 9 0 0 3 5 7 4 1 6 2
0 12 0 1 3 5 4 2 0 6 7
0 9 0 0 3 5 4 2 1 6 7
0 17 0 0 3 5 7 2 6 4 1
0 16 0 1 3 5 7 0 6 4 2
0 15 0 1 3 5 0 2 6 4 7
0 18 0 0 3 5 7 4 2 6 1
0 16 0 1 3 5 7 4 2 0 6
0 16 0 1 3 5 0 4 2 6 7
0 14 0 1 3 0 7 2 6 5 4
0 16 0 1 3 5 0 7 2 6 4
0 14 0 0 3 5 7 1 2 6 4
0 14 0 1 5 0 7 2 3 6 4
0 14 0 0 1 5 7 2 3 6 4
0 11 0 7 3 5 0 2 1 6 4
0 10 0 3 0 5 7 2 1 6 4
0 10 0 2 3 5 7 0 1 6 4
0 8 0 4 3 5 7 0 1 6 2
0 7 0 4 3 5 0 2 1 6 7
0 14 0 1 3 5 7 2 6 4 0
0 15 0 1 3 5 7 4 2 6 0
0 13 0 1 3 5 7 2 6 0 4
0 13 0 1 3 5 7 0 2 6 4
0 13 0 1 0 5 7 2 3 6 4
0 12 0 1 3 5 7 2 0 6 4
0 9 0 0 3 5 7 2 1 6 4
0 6 0 4 3 5 7 2 1 6 0
0 5 0 4 3 5 7 2 1 0 6
0 4 0 4 3 5 7 2 0 1 6
0 3 0 4 3 5 7 0 2 1 6
0 0 0 4 3 5 0 7 2 1 6
0 13 0 1 3 5 7 0 4 6 2
0 12 0 1 3 5 7 4 0 6 2
0 9 0 0 3 5 7 4 1 6 2
0 12 0 1 3 5 4 2 0 6 7
0 9 0 0 3 5 4 2 1 6 7
0 17 0 0 3 5 7 2 6 4 1
0 16 0 1 3 5 7 0 6 4 2
0 15 0 1 3 5 0 2 6 4 7
0 18 0 0 3 5 7 4 2 6 1
0 16 0 1 3 5 7 4 2 0 6
0 16 0 1 3 5 0 4 2 6 7
0 14 0 1 3 0 7 2 6 5 4
0 16 0 1 3 5 0 7 2 6 4
0 14 0 0 3 5 7 1 2 6 4
0 14 0 1 5 0 7 2 3 6 4
0 14 0 0 1 5 7 2 3 6 4
0 11 0 7 3 5 0 2 1 6 4
0 10 0 3 0 5 7 2 1 6 4
0 10 0 2 3 5 7 0 1 6 4
0 8 0 4 3 5 7 0 1 6 2
0 7 0 4 3 5 0 2 1 6 7
0 14 0 1 3 5 7 2 6 4 0
0 15 0 1 3 5 7 4 2 6 0
0 13 0 1 3 5 7 2 6 0 4
0 13 0 1 3 5 7 0 2 6 4
0 13 0 1 0 5 7 2 3 6 4
0 12 0 1 3 5 7 2 0 6 4
0 9 0 0 3 5 7 2 1 6 4
0 6 0 4 3 5 7 2 1 6 0
0 5 0 4 3 5 7 2 1 0 6
0 4 0 4 3 5 7 2 0 1 6
0 3 0 4 3 5 7 0 2 1 6
0 0 0 4 3 5 0 7 2 1 6
