0 15 0 1 3 5 0 2 4 6 7
0 13 0 0 3 5 1 2 4 6 7
0 12 0 3 0 5 1 2 4 6 7
0 11 0 3 5 0 1 2 4 6 7
0 9 0 0 1 7 5 2 4 6 3
0 8 0 5 1 7 3 2 4 6 0
0 8 0 5 1 6 7 2 4 3 0
0 18 0 1 7 5 0 2 4 3 6
0 18 0 7 0 5 3 2 4 6 1
0 19 0 1 7 5 0 3 4 6 2
0 18 0 1 7 5 2 3 4 6 0
0 17 0 1 7 5 6 2 4 3 0
0 15 0 1 0 7 5 2 4 6 3
0 15 0 3 7 5 0 2 4 6 1
0 17 0 0 7 5 3 2 4 6 1
0 16 0 1 7 5 3 0 4 6 2
0 15 0 1 7 5 3 2 4 0 6
0 16 0 1 7 5 2 0 4 6 3
0 16 0 1 7 5 6 2 4 0 3
0 14 0 1 7 0 5 2 4 6 3
0 14 0 3 7 5 1 2 4 6 0
0 14 0 1 7 5 3 2 4 6 0
0 13 0 1 7 5 0 2 4 6 3
0 11 0 0 7 5 1 2 4 6 3
0 10 0 7 0 5 1 2 4 6 3
0 9 0 7 5 0 1 2 4 6 3
0 9 0 7 5 1 3 2 4 6 0
0 9 0 2 5 1 7 3 4 6 0
0 11 0 3 5 1 7 0 4 6 2
0 10 0 3 5 1 7 2 4 0 6
0 10 0 3 5 1 0 2 4 6 7
0 7 0 5 1 7 0 2 4 6 3
0 7 0 5 1 6 7 2 4 0 3
0 8 0 7 5 1 0 2 4 6 3
0 7 0 2 5 1 7 0 4 6 3
0 3 0 4 1 0 7 2 5 6 3
0 3 0 4 5 1 7 2 0 6 3
0 4 0 3 4 1 7 2 5 6 0
0 9 0 3 5 1 7 2 4 6 0
0 6 0 5 1 0 7 2 4 6 3
0 6 0 0 5 1 7 2 4 6 3
0 5 0 5 0 1 7 2 4 6 3
0 4 0 5 4 1 7 2 0 6 3
0 2 0 4 0 1 7 2 5 6 3
0 1 0 0 4 1 7 2 5 6 3
0 0 0 2 4 1 7 0 5 6 3
0 15 0 1 3 5 0 2 4 6 7
0 13 0 0 3 5 1 2 4 6 7
0 12 0 3 0 5 1 2 4 6 7
0 11 0 3 5 0 1 2 4 6 7
0 9 0 0 1 7 5 2 4 6 3
0 8 0 5 1 7 3 2 4 6 0
0 8 0 5 1 6 7 2 4 3 0
0 18 0 1 7 5 0 2 4 3 6
0 18 0 7 0 5 3 2 4 6 1
0 19 0 1 7 5 0 3 4 6 2
0 18 0 1 7 5 2 3 4 6 0
0 17 0 1 7 5 6 2 4 3 0
0 15 0 1 0 7 5 2 4 6 3
0 15 0 3 7 5 0 2 4 6 1
0 17 0 0 7 5 3 2 4 6 1
0 16 0 1 7 5 3 0 4 6 2
0 15 0 1 7 5 3 2 4 0 6
0 16 0 1 7 5 2 0 4 6 3
0 16 0 1 7 5 6 2 4 0 3
0 14 0 1 7 0 5 2 4 6 3
0 14 0 3 7 5 1 2 4 6 0
0 14 0 1 7 5 3 2 4 6 0
0 13 0 1 7 5 0 2 4 6 3
0 11 0 0 7 5 1 2 4 6 3
0 10 0 7 0 5 1 2 4 6 3
0 9 0 7 5 0 1 2 4 6 3
0 9 0 7 5 1 3 2 4 6 0
0 9 0 2 5 1 7 3 4 6 0
0 11 0 3 5 1 7 0 4 6 2
0 10 0 3 5 1 7 2 4 0 6
0 10 0 3 5 1 0 2 4 6 7
0 7 0 5 1 7 0 2 4 6 3
0 7 0 5 1 6 7 2 4 0 3
0 8 0 7 5 1 0 2 4 6 3
0 7 0 2 5 1 7 0 4 6 3
0 3 0 4 1 0 7 2 5 6 3
0 3 0 4 5 1 7 2 0 6 3
0 4 0 3 4 1 7 2 5 6 0
0 9 0 3 5 1 7 2 4 6 0
0 6 0 5 1 0 7 2 4 6 3
0 6 0 0 5 1 7 2 4 6 3
0 5 0 5 0 1 7 2 4 6 3
0 4 0 5 4 1 7 2 0 6 3
0 2 0 4 0 1 7 2 5 6 3
0 1 0 0 4 1 7 2 5 6 3
0 0 0 2 4 1 7 0 5 6 3
0 15 0 1 3 5 0 2 4 6 7
0 13 0 0 3 5 1 2 4 6 7
0 12 0 3 0 5 1 2 4 6 7
0 11 0 3 5 0 1 2 4 6 7
0 9 0 0 1 7 5 2 4 6 3
0 8 0 5 1 7 3 2 4 6 0
0 8 0 5 1 6 7 2 4 3 0
0 18 0 1 7 5 0 2 4 3 6
0 18 0 7 0 5 3 2 4 6 1
0 19 0 1 7 5 0 3 4 6 2
0 18 0 1 7 5 2 3 4 6 0
0 17 0 1 7 5 6 2 4 3 0
0 15 0 1 0 7 5 2 4 6 3
0 15 0 3 7 5 0 2 4 6 1
0 17 0 0 7 5 3 2 4 6 1
0 16 0 1 7 5 3 0 4 6 2
0 15 0 1 7 5 3 2 4 0 6
0 16 0 1 7 5 2 0 4 6 3
0 16 0 1 7 5 6 2 4 0 3
0 14 0 1 7 0 5 2 4 6 3
0 14 0 3 7 5 1 2 4 6 0
0 14 0 1 7 5 3 2 4 6 0
0 13 0 1 7 5 0 2 4 6 3
0 11 0 0 7 5 1 2 4 6 3
0 10 0 7 0 5 1 2 4 6 3
0 9 0 7 5 0 1 2 4 6 3
0 9 0 7 5 1 3 2 4 6 0
0 9 0 2 5 1 7 3 4 6 0
0 11 0 3 5 1 7 0 4 6 2
0 10 0 3 5 1 7 2 4 0 6
0 10 0 3 5 1 0 2 4 6 7
0 7 0 5 1 7 0 2 4 6 3
0 7 0 5 1 6 7 2 4 0 3
0 8 0 7 5 1 0 2 4 6 3
0 7 0 2 5 1 7 0 4 6 3
0 3 0 4 1 0 7 2 5 6 3
0 3 0 4 5 1 7 2 0 6 3
0 4 0 3 4 1 7 2 5 6 0
0 9 0 3 5 1 7 2 4 6 0
0 6 0 5 1 0 7 2 4 6 3
0 6 0 0 5 1 7 2 4 6 3
0 5 0 5 0 1 7 2 4 6 3
0 4 0 5 4 1 7 2 0 6 3
0 2 0 4 0 1 7 2 5 6 3
0 1 0 0 4 1 7 2 5 6 3
0 0 0 2 4 1 7 0 5 6 3
